Datetime,100034982 (Hüfferstraße),101034982 (Hüfferstraße stadteinwärts),102034982 (Hüfferstraße stadtauswärts),100034982-status,101034982-status,102034982-status
2022-02-01 00:00,2,0,2,0,0,0
2022-02-01 00:15,3,2,1,0,0,0
2022-02-01 00:30,4,3,1,0,0,0
2022-02-01 00:45,1,1,0,0,0,0
2022-02-01 01:00,3,2,1,0,0,0
2022-02-01 01:15,3,3,0,0,0,0
2022-02-01 01:30,2,1,1,0,0,0
2022-02-01 01:45,2,2,0,0,0,0
2022-02-01 02:00,1,0,1,0,0,0
2022-02-01 02:15,2,0,2,0,0,0
2022-02-01 02:30,0,0,0,0,0,0
2022-02-01 02:45,1,1,0,0,0,0
2022-02-01 03:00,1,1,0,0,0,0
2022-02-01 03:15,1,1,0,0,0,0
2022-02-01 03:30,1,1,0,0,0,0
2022-02-01 03:45,0,0,0,0,0,0
2022-02-01 04:00,0,0,0,0,0,0
2022-02-01 04:15,2,2,0,0,0,0
2022-02-01 04:30,1,0,1,0,0,0
2022-02-01 04:45,0,0,0,0,0,0
2022-02-01 05:00,1,1,0,0,0,0
2022-02-01 05:15,1,1,0,0,0,0
2022-02-01 05:30,12,2,10,0,0,0
2022-02-01 05:45,11,5,6,0,0,0
2022-02-01 06:00,8,4,4,0,0,0
2022-02-01 06:15,17,3,14,0,0,0
2022-02-01 06:30,34,16,18,0,0,0
2022-02-01 06:45,55,18,37,0,0,0
2022-02-01 07:00,51,9,42,0,0,0
2022-02-01 07:15,88,41,47,0,0,0
2022-02-01 07:30,223,146,77,0,0,0
2022-02-01 07:45,186,77,109,0,0,0
2022-02-01 08:00,127,53,74,0,0,0
2022-02-01 08:15,97,54,43,0,0,0
2022-02-01 08:30,120,61,59,0,0,0
2022-02-01 08:45,115,57,58,0,0,0
2022-02-01 09:00,86,43,43,0,0,0
2022-02-01 09:15,44,25,19,0,0,0
2022-02-01 09:30,60,29,31,0,0,0
2022-02-01 09:45,61,34,27,0,0,0
2022-02-01 10:00,61,28,33,0,0,0
2022-02-01 10:15,42,23,19,0,0,0
2022-02-01 10:30,49,23,26,0,0,0
2022-02-01 10:45,44,27,17,0,0,0
2022-02-01 11:00,52,18,34,0,0,0
2022-02-01 11:15,59,36,23,0,0,0
2022-02-01 11:30,50,21,29,0,0,0
2022-02-01 11:45,54,24,30,0,0,0
2022-02-01 12:00,54,35,19,0,0,0
2022-02-01 12:15,57,22,35,0,0,0
2022-02-01 12:30,65,26,39,0,0,0
2022-02-01 12:45,75,40,35,0,0,0
2022-02-01 13:00,118,56,62,0,0,0
2022-02-01 13:15,95,18,77,0,0,0
2022-02-01 13:30,66,34,32,0,0,0
2022-02-01 13:45,63,34,29,0,0,0
2022-02-01 14:00,71,25,46,0,0,0
2022-02-01 14:15,78,41,37,0,0,0
2022-02-01 14:30,64,30,34,0,0,0
2022-02-01 14:45,73,27,46,0,0,0
2022-02-01 15:00,62,27,35,0,0,0
2022-02-01 15:15,86,40,46,0,0,0
2022-02-01 15:30,79,39,40,0,0,0
2022-02-01 15:45,93,58,35,0,0,0
2022-02-01 16:00,103,51,52,0,0,0
2022-02-01 16:15,99,57,42,0,0,0
2022-02-01 16:30,108,57,51,0,0,0
2022-02-01 16:45,83,44,39,0,0,0
2022-02-01 17:00,69,33,36,0,0,0
2022-02-01 17:15,76,38,38,0,0,0
2022-02-01 17:30,70,40,30,0,0,0
2022-02-01 17:45,78,29,49,0,0,0
2022-02-01 18:00,76,37,39,0,0,0
2022-02-01 18:15,84,40,44,0,0,0
2022-02-01 18:30,69,40,29,0,0,0
2022-02-01 18:45,75,32,43,0,0,0
2022-02-01 19:00,48,20,28,0,0,0
2022-02-01 19:15,48,26,22,0,0,0
2022-02-01 19:30,41,18,23,0,0,0
2022-02-01 19:45,49,16,33,0,0,0
2022-02-01 20:00,34,14,20,0,0,0
2022-02-01 20:15,39,10,29,0,0,0
2022-02-01 20:30,17,5,12,0,0,0
2022-02-01 20:45,17,5,12,0,0,0
2022-02-01 21:00,23,15,8,0,0,0
2022-02-01 21:15,24,9,15,0,0,0
2022-02-01 21:30,19,9,10,0,0,0
2022-02-01 21:45,19,7,12,0,0,0
2022-02-01 22:00,22,8,14,0,0,0
2022-02-01 22:15,16,7,9,0,0,0
2022-02-01 22:30,13,5,8,0,0,0
2022-02-01 22:45,15,7,8,0,0,0
2022-02-01 23:00,11,6,5,0,0,0
2022-02-01 23:15,5,3,2,0,0,0
2022-02-01 23:30,8,3,5,0,0,0
2022-02-01 23:45,4,1,3,0,0,0
2022-02-02 00:00,4,2,2,0,0,0
2022-02-02 00:15,3,1,2,0,0,0
2022-02-02 00:30,3,0,3,0,0,0
2022-02-02 00:45,3,2,1,0,0,0
2022-02-02 01:00,1,0,1,0,0,0
2022-02-02 01:15,4,2,2,0,0,0
2022-02-02 01:30,0,0,0,0,0,0
2022-02-02 01:45,1,0,1,0,0,0
2022-02-02 02:00,1,1,0,0,0,0
2022-02-02 02:15,2,2,0,0,0,0
2022-02-02 02:30,0,0,0,0,0,0
2022-02-02 02:45,3,0,3,0,0,0
2022-02-02 03:00,0,0,0,0,0,0
2022-02-02 03:15,0,0,0,0,0,0
2022-02-02 03:30,1,0,1,0,0,0
2022-02-02 03:45,0,0,0,0,0,0
2022-02-02 04:00,1,0,1,0,0,0
2022-02-02 04:15,2,1,1,0,0,0
2022-02-02 04:30,0,0,0,0,0,0
2022-02-02 04:45,0,0,0,0,0,0
2022-02-02 05:00,1,1,0,0,0,0
2022-02-02 05:15,2,1,1,0,0,0
2022-02-02 05:30,8,2,6,0,0,0
2022-02-02 05:45,12,5,7,0,0,0
2022-02-02 06:00,7,3,4,0,0,0
2022-02-02 06:15,12,5,7,0,0,0
2022-02-02 06:30,29,12,17,0,0,0
2022-02-02 06:45,47,18,29,0,0,0
2022-02-02 07:00,61,16,45,0,0,0
2022-02-02 07:15,90,44,46,0,0,0
2022-02-02 07:30,224,161,63,0,0,0
2022-02-02 07:45,194,93,101,0,0,0
2022-02-02 08:00,103,37,66,0,0,0
2022-02-02 08:15,111,46,65,0,0,0
2022-02-02 08:30,120,56,64,0,0,0
2022-02-02 08:45,108,49,59,0,0,0
2022-02-02 09:00,94,47,47,0,0,0
2022-02-02 09:15,73,28,45,0,0,0
2022-02-02 09:30,83,43,40,0,0,0
2022-02-02 09:45,98,55,43,0,0,0
2022-02-02 10:00,67,42,25,0,0,0
2022-02-02 10:15,73,46,27,0,0,0
2022-02-02 10:30,63,44,19,0,0,0
2022-02-02 10:45,79,43,36,0,0,0
2022-02-02 11:00,87,41,46,0,0,0
2022-02-02 11:15,79,46,33,0,0,0
2022-02-02 11:30,85,53,32,0,0,0
2022-02-02 11:45,102,50,52,0,0,0
2022-02-02 12:00,84,49,35,0,0,0
2022-02-02 12:15,117,55,62,0,0,0
2022-02-02 12:30,83,31,52,0,0,0
2022-02-02 12:45,100,33,67,0,0,0
2022-02-02 13:00,142,65,77,0,0,0
2022-02-02 13:15,131,54,77,0,0,0
2022-02-02 13:30,100,45,55,0,0,0
2022-02-02 13:45,96,40,56,0,0,0
2022-02-02 14:00,122,29,93,0,0,0
2022-02-02 14:15,104,56,48,0,0,0
2022-02-02 14:30,92,37,55,0,0,0
2022-02-02 14:45,100,48,52,0,0,0
2022-02-02 15:00,82,39,43,0,0,0
2022-02-02 15:15,98,41,57,0,0,0
2022-02-02 15:30,131,44,87,0,0,0
2022-02-02 15:45,111,52,59,0,0,0
2022-02-02 16:00,116,69,47,0,0,0
2022-02-02 16:15,119,57,62,0,0,0
2022-02-02 16:30,110,50,60,0,0,0
2022-02-02 16:45,120,63,57,0,0,0
2022-02-02 17:00,103,57,46,0,0,0
2022-02-02 17:15,105,45,60,0,0,0
2022-02-02 17:30,95,38,57,0,0,0
2022-02-02 17:45,116,57,59,0,0,0
2022-02-02 18:00,89,46,43,0,0,0
2022-02-02 18:15,88,37,51,0,0,0
2022-02-02 18:30,74,37,37,0,0,0
2022-02-02 18:45,76,30,46,0,0,0
2022-02-02 19:00,53,20,33,0,0,0
2022-02-02 19:15,62,31,31,0,0,0
2022-02-02 19:30,43,11,32,0,0,0
2022-02-02 19:45,60,22,38,0,0,0
2022-02-02 20:00,45,12,33,0,0,0
2022-02-02 20:15,33,14,19,0,0,0
2022-02-02 20:30,27,13,14,0,0,0
2022-02-02 20:45,27,11,16,0,0,0
2022-02-02 21:00,25,13,12,0,0,0
2022-02-02 21:15,26,9,17,0,0,0
2022-02-02 21:30,22,10,12,0,0,0
2022-02-02 21:45,28,10,18,0,0,0
2022-02-02 22:00,13,4,9,0,0,0
2022-02-02 22:15,21,8,13,0,0,0
2022-02-02 22:30,23,9,14,0,0,0
2022-02-02 22:45,12,5,7,0,0,0
2022-02-02 23:00,34,16,18,0,0,0
2022-02-02 23:15,21,12,9,0,0,0
2022-02-02 23:30,13,6,7,0,0,0
2022-02-02 23:45,9,7,2,0,0,0
2022-02-03 00:00,15,10,5,0,0,0
2022-02-03 00:15,2,1,1,0,0,0
2022-02-03 00:30,8,2,6,0,0,0
2022-02-03 00:45,3,3,0,0,0,0
2022-02-03 01:00,1,0,1,0,0,0
2022-02-03 01:15,3,0,3,0,0,0
2022-02-03 01:30,2,0,2,0,0,0
2022-02-03 01:45,2,2,0,0,0,0
2022-02-03 02:00,1,1,0,0,0,0
2022-02-03 02:15,3,3,0,0,0,0
2022-02-03 02:30,3,3,0,0,0,0
2022-02-03 02:45,2,1,1,0,0,0
2022-02-03 03:00,1,1,0,0,0,0
2022-02-03 03:15,0,0,0,0,0,0
2022-02-03 03:30,0,0,0,0,0,0
2022-02-03 03:45,0,0,0,0,0,0
2022-02-03 04:00,1,1,0,0,0,0
2022-02-03 04:15,4,3,1,0,0,0
2022-02-03 04:30,2,1,1,0,0,0
2022-02-03 04:45,0,0,0,0,0,0
2022-02-03 05:00,0,0,0,0,0,0
2022-02-03 05:15,0,0,0,0,0,0
2022-02-03 05:30,18,8,10,0,0,0
2022-02-03 05:45,11,3,8,0,0,0
2022-02-03 06:00,4,3,1,0,0,0
2022-02-03 06:15,23,5,18,0,0,0
2022-02-03 06:30,34,9,25,0,0,0
2022-02-03 06:45,45,22,23,0,0,0
2022-02-03 07:00,70,14,56,0,0,0
2022-02-03 07:15,92,44,48,0,0,0
2022-02-03 07:30,265,179,86,0,0,0
2022-02-03 07:45,178,80,98,0,0,0
2022-02-03 08:00,118,50,68,0,0,0
2022-02-03 08:15,126,54,72,0,0,0
2022-02-03 08:30,89,50,39,0,0,0
2022-02-03 08:45,112,50,62,0,0,0
2022-02-03 09:00,65,40,25,0,0,0
2022-02-03 09:15,67,33,34,0,0,0
2022-02-03 09:30,62,30,32,0,0,0
2022-02-03 09:45,66,35,31,0,0,0
2022-02-03 10:00,50,20,30,0,0,0
2022-02-03 10:15,45,26,19,0,0,0
2022-02-03 10:30,40,19,21,0,0,0
2022-02-03 10:45,36,24,12,0,0,0
2022-02-03 11:00,39,21,18,0,0,0
2022-02-03 11:15,57,29,28,0,0,0
2022-02-03 11:30,61,24,37,0,0,0
2022-02-03 11:45,54,29,25,0,0,0
2022-02-03 12:00,78,38,40,0,0,0
2022-02-03 12:15,79,35,44,0,0,0
2022-02-03 12:30,71,17,54,0,0,0
2022-02-03 12:45,80,34,46,0,0,0
2022-02-03 13:00,101,37,64,0,0,0
2022-02-03 13:15,100,33,67,0,0,0
2022-02-03 13:30,55,24,31,0,0,0
2022-02-03 13:45,86,37,49,0,0,0
2022-02-03 14:00,115,36,79,0,0,0
2022-02-03 14:15,83,31,52,0,0,0
2022-02-03 14:30,69,40,29,0,0,0
2022-02-03 14:45,94,50,44,0,0,0
2022-02-03 15:00,85,40,45,0,0,0
2022-02-03 15:15,88,39,49,0,0,0
2022-02-03 15:30,107,48,59,0,0,0
2022-02-03 15:45,104,67,37,0,0,0
2022-02-03 16:00,116,70,46,0,0,0
2022-02-03 16:15,117,57,60,0,0,0
2022-02-03 16:30,100,63,37,0,0,0
2022-02-03 16:45,95,52,43,0,0,0
2022-02-03 17:00,108,70,38,0,0,0
2022-02-03 17:15,86,48,38,0,0,0
2022-02-03 17:30,72,30,42,0,0,0
2022-02-03 17:45,78,45,33,0,0,0
2022-02-03 18:00,71,40,31,0,0,0
2022-02-03 18:15,69,20,49,0,0,0
2022-02-03 18:30,57,21,36,0,0,0
2022-02-03 18:45,78,35,43,0,0,0
2022-02-03 19:00,51,30,21,0,0,0
2022-02-03 19:15,49,22,27,0,0,0
2022-02-03 19:30,53,20,33,0,0,0
2022-02-03 19:45,49,17,32,0,0,0
2022-02-03 20:00,41,15,26,0,0,0
2022-02-03 20:15,39,11,28,0,0,0
2022-02-03 20:30,24,7,17,0,0,0
2022-02-03 20:45,32,22,10,0,0,0
2022-02-03 21:00,24,11,13,0,0,0
2022-02-03 21:15,21,6,15,0,0,0
2022-02-03 21:30,26,20,6,0,0,0
2022-02-03 21:45,10,1,9,0,0,0
2022-02-03 22:00,22,6,16,0,0,0
2022-02-03 22:15,15,5,10,0,0,0
2022-02-03 22:30,24,4,20,0,0,0
2022-02-03 22:45,12,5,7,0,0,0
2022-02-03 23:00,17,8,9,0,0,0
2022-02-03 23:15,17,8,9,0,0,0
2022-02-03 23:30,9,1,8,0,0,0
2022-02-03 23:45,8,3,5,0,0,0
2022-02-04 00:00,6,3,3,0,0,0
2022-02-04 00:15,8,5,3,0,0,0
2022-02-04 00:30,5,0,5,0,0,0
2022-02-04 00:45,2,1,1,0,0,0
2022-02-04 01:00,0,0,0,0,0,0
2022-02-04 01:15,1,1,0,0,0,0
2022-02-04 01:30,2,1,1,0,0,0
2022-02-04 01:45,1,0,1,0,0,0
2022-02-04 02:00,5,4,1,0,0,0
2022-02-04 02:15,0,0,0,0,0,0
2022-02-04 02:30,0,0,0,0,0,0
2022-02-04 02:45,2,1,1,0,0,0
2022-02-04 03:00,0,0,0,0,0,0
2022-02-04 03:15,1,0,1,0,0,0
2022-02-04 03:30,0,0,0,0,0,0
2022-02-04 03:45,0,0,0,0,0,0
2022-02-04 04:00,0,0,0,0,0,0
2022-02-04 04:15,0,0,0,0,0,0
2022-02-04 04:30,1,1,0,0,0,0
2022-02-04 04:45,1,1,0,0,0,0
2022-02-04 05:00,0,0,0,0,0,0
2022-02-04 05:15,1,1,0,0,0,0
2022-02-04 05:30,9,2,7,0,0,0
2022-02-04 05:45,12,6,6,0,0,0
2022-02-04 06:00,3,1,2,0,0,0
2022-02-04 06:15,17,9,8,0,0,0
2022-02-04 06:30,37,11,26,0,0,0
2022-02-04 06:45,34,11,23,0,0,0
2022-02-04 07:00,54,11,43,0,0,0
2022-02-04 07:15,75,36,39,0,0,0
2022-02-04 07:30,228,170,58,0,0,0
2022-02-04 07:45,167,71,96,0,0,0
2022-02-04 08:00,97,36,61,0,0,0
2022-02-04 08:15,102,49,53,0,0,0
2022-02-04 08:30,75,43,32,0,0,0
2022-02-04 08:45,95,47,48,0,0,0
2022-02-04 09:00,83,40,43,0,0,0
2022-02-04 09:15,64,32,32,0,0,0
2022-02-04 09:30,58,27,31,0,0,0
2022-02-04 09:45,87,49,38,0,0,0
2022-02-04 10:00,52,27,25,0,0,0
2022-02-04 10:15,53,27,26,0,0,0
2022-02-04 10:30,50,20,30,0,0,0
2022-02-04 10:45,46,26,20,0,0,0
2022-02-04 11:00,52,25,27,0,0,0
2022-02-04 11:15,57,21,36,0,0,0
2022-02-04 11:30,35,21,14,0,0,0
2022-02-04 11:45,63,34,29,0,0,0
2022-02-04 12:00,66,38,28,0,0,0
2022-02-04 12:15,86,42,44,0,0,0
2022-02-04 12:30,82,32,50,0,0,0
2022-02-04 12:45,73,33,40,0,0,0
2022-02-04 13:00,122,41,81,0,0,0
2022-02-04 13:15,94,25,69,0,0,0
2022-02-04 13:30,66,31,35,0,0,0
2022-02-04 13:45,83,52,31,0,0,0
2022-02-04 14:00,108,36,72,0,0,0
2022-02-04 14:15,96,42,54,0,0,0
2022-02-04 14:30,74,39,35,0,0,0
2022-02-04 14:45,84,31,53,0,0,0
2022-02-04 15:00,76,40,36,0,0,0
2022-02-04 15:15,89,50,39,0,0,0
2022-02-04 15:30,81,39,42,0,0,0
2022-02-04 15:45,73,38,35,0,0,0
2022-02-04 16:00,82,43,39,0,0,0
2022-02-04 16:15,97,59,38,0,0,0
2022-02-04 16:30,69,34,35,0,0,0
2022-02-04 16:45,61,30,31,0,0,0
2022-02-04 17:00,48,28,20,0,0,0
2022-02-04 17:15,40,20,20,0,0,0
2022-02-04 17:30,57,35,22,0,0,0
2022-02-04 17:45,49,19,30,0,0,0
2022-02-04 18:00,49,30,19,0,0,0
2022-02-04 18:15,46,22,24,0,0,0
2022-02-04 18:30,39,18,21,0,0,0
2022-02-04 18:45,40,25,15,0,0,0
2022-02-04 19:00,38,10,28,0,0,0
2022-02-04 19:15,39,18,21,0,0,0
2022-02-04 19:30,42,18,24,0,0,0
2022-02-04 19:45,35,19,16,0,0,0
2022-02-04 20:00,26,13,13,0,0,0
2022-02-04 20:15,27,12,15,0,0,0
2022-02-04 20:30,19,11,8,0,0,0
2022-02-04 20:45,28,17,11,0,0,0
2022-02-04 21:00,14,9,5,0,0,0
2022-02-04 21:15,15,10,5,0,0,0
2022-02-04 21:30,16,9,7,0,0,0
2022-02-04 21:45,16,8,8,0,0,0
2022-02-04 22:00,17,4,13,0,0,0
2022-02-04 22:15,6,1,5,0,0,0
2022-02-04 22:30,15,8,7,0,0,0
2022-02-04 22:45,14,3,11,0,0,0
2022-02-04 23:00,9,3,6,0,0,0
2022-02-04 23:15,12,4,8,0,0,0
2022-02-04 23:30,14,6,8,0,0,0
2022-02-04 23:45,10,6,4,0,0,0
2022-02-05 00:00,10,4,6,0,0,0
2022-02-05 00:15,6,0,6,0,0,0
2022-02-05 00:30,12,5,7,0,0,0
2022-02-05 00:45,13,1,12,0,0,0
2022-02-05 01:00,8,3,5,0,0,0
2022-02-05 01:15,0,0,0,0,0,0
2022-02-05 01:30,4,3,1,0,0,0
2022-02-05 01:45,4,0,4,0,0,0
2022-02-05 02:00,7,1,6,0,0,0
2022-02-05 02:15,2,0,2,0,0,0
2022-02-05 02:30,4,0,4,0,0,0
2022-02-05 02:45,10,5,5,0,0,0
2022-02-05 03:00,4,0,4,0,0,0
2022-02-05 03:15,6,1,5,0,0,0
2022-02-05 03:30,0,0,0,0,0,0
2022-02-05 03:45,1,1,0,0,0,0
2022-02-05 04:00,3,3,0,0,0,0
2022-02-05 04:15,1,1,0,0,0,0
2022-02-05 04:30,5,4,1,0,0,0
2022-02-05 04:45,2,0,2,0,0,0
2022-02-05 05:00,0,0,0,0,0,0
2022-02-05 05:15,3,1,2,0,0,0
2022-02-05 05:30,9,1,8,0,0,0
2022-02-05 05:45,9,1,8,0,0,0
2022-02-05 06:00,3,3,0,0,0,0
2022-02-05 06:15,4,1,3,0,0,0
2022-02-05 06:30,5,5,0,0,0,0
2022-02-05 06:45,10,8,2,0,0,0
2022-02-05 07:00,6,4,2,0,0,0
2022-02-05 07:15,8,6,2,0,0,0
2022-02-05 07:30,9,6,3,0,0,0
2022-02-05 07:45,26,9,17,0,0,0
2022-02-05 08:00,15,10,5,0,0,0
2022-02-05 08:15,20,9,11,0,0,0
2022-02-05 08:30,27,22,5,0,0,0
2022-02-05 08:45,34,28,6,0,0,0
2022-02-05 09:00,31,22,9,0,0,0
2022-02-05 09:15,53,44,9,0,0,0
2022-02-05 09:30,38,32,6,0,0,0
2022-02-05 09:45,59,40,19,0,0,0
2022-02-05 10:00,63,33,30,0,0,0
2022-02-05 10:15,73,42,31,0,0,0
2022-02-05 10:30,56,37,19,0,0,0
2022-02-05 10:45,99,70,29,0,0,0
2022-02-05 11:00,56,29,27,0,0,0
2022-02-05 11:15,97,67,30,0,0,0
2022-02-05 11:30,98,56,42,0,0,0
2022-02-05 11:45,105,62,43,0,0,0
2022-02-05 12:00,109,50,59,0,0,0
2022-02-05 12:15,73,37,36,0,0,0
2022-02-05 12:30,99,50,49,0,0,0
2022-02-05 12:45,102,56,46,0,0,0
2022-02-05 13:00,79,44,35,0,0,0
2022-02-05 13:15,87,25,62,0,0,0
2022-02-05 13:30,91,38,53,0,0,0
2022-02-05 13:45,110,55,55,0,0,0
2022-02-05 14:00,80,48,32,0,0,0
2022-02-05 14:15,82,37,45,0,0,0
2022-02-05 14:30,61,21,40,0,0,0
2022-02-05 14:45,82,40,42,0,0,0
2022-02-05 15:00,62,21,41,0,0,0
2022-02-05 15:15,72,29,43,0,0,0
2022-02-05 15:30,59,35,24,0,0,0
2022-02-05 15:45,45,15,30,0,0,0
2022-02-05 16:00,58,27,31,0,0,0
2022-02-05 16:15,40,17,23,0,0,0
2022-02-05 16:30,53,26,27,0,0,0
2022-02-05 16:45,62,21,41,0,0,0
2022-02-05 17:00,56,22,34,0,0,0
2022-02-05 17:15,44,10,34,0,0,0
2022-02-05 17:30,32,12,20,0,0,0
2022-02-05 17:45,48,20,28,0,0,0
2022-02-05 18:00,31,8,23,0,0,0
2022-02-05 18:15,45,13,32,0,0,0
2022-02-05 18:30,41,21,20,0,0,0
2022-02-05 18:45,34,14,20,0,0,0
2022-02-05 19:00,43,21,22,0,0,0
2022-02-05 19:15,43,25,18,0,0,0
2022-02-05 19:30,20,8,12,0,0,0
2022-02-05 19:45,21,8,13,0,0,0
2022-02-05 20:00,32,11,21,0,0,0
2022-02-05 20:15,24,10,14,0,0,0
2022-02-05 20:30,18,5,13,0,0,0
2022-02-05 20:45,16,9,7,0,0,0
2022-02-05 21:00,13,9,4,0,0,0
2022-02-05 21:15,14,4,10,0,0,0
2022-02-05 21:30,17,7,10,0,0,0
2022-02-05 21:45,17,6,11,0,0,0
2022-02-05 22:00,9,3,6,0,0,0
2022-02-05 22:15,10,3,7,0,0,0
2022-02-05 22:30,11,5,6,0,0,0
2022-02-05 22:45,11,6,5,0,0,0
2022-02-05 23:00,15,2,13,0,0,0
2022-02-05 23:15,12,1,11,0,0,0
2022-02-05 23:30,8,2,6,0,0,0
2022-02-05 23:45,7,2,5,0,0,0
2022-02-06 00:00,12,6,6,0,0,0
2022-02-06 00:15,5,1,4,0,0,0
2022-02-06 00:30,4,1,3,0,0,0
2022-02-06 00:45,7,2,5,0,0,0
2022-02-06 01:00,5,0,5,0,0,0
2022-02-06 01:15,6,1,5,0,0,0
2022-02-06 01:30,10,4,6,0,0,0
2022-02-06 01:45,3,1,2,0,0,0
2022-02-06 02:00,6,0,6,0,0,0
2022-02-06 02:15,2,1,1,0,0,0
2022-02-06 02:30,4,0,4,0,0,0
2022-02-06 02:45,2,0,2,0,0,0
2022-02-06 03:00,1,0,1,0,0,0
2022-02-06 03:15,7,3,4,0,0,0
2022-02-06 03:30,0,0,0,0,0,0
2022-02-06 03:45,1,1,0,0,0,0
2022-02-06 04:00,0,0,0,0,0,0
2022-02-06 04:15,0,0,0,0,0,0
2022-02-06 04:30,1,0,1,0,0,0
2022-02-06 04:45,3,1,2,0,0,0
2022-02-06 05:00,1,1,0,0,0,0
2022-02-06 05:15,0,0,0,0,0,0
2022-02-06 05:30,3,0,3,0,0,0
2022-02-06 05:45,3,1,2,0,0,0
2022-02-06 06:00,2,0,2,0,0,0
2022-02-06 06:15,2,1,1,0,0,0
2022-02-06 06:30,4,4,0,0,0,0
2022-02-06 06:45,4,3,1,0,0,0
2022-02-06 07:00,0,0,0,0,0,0
2022-02-06 07:15,1,0,1,0,0,0
2022-02-06 07:30,3,1,2,0,0,0
2022-02-06 07:45,5,2,3,0,0,0
2022-02-06 08:00,7,5,2,0,0,0
2022-02-06 08:15,8,5,3,0,0,0
2022-02-06 08:30,11,5,6,0,0,0
2022-02-06 08:45,15,12,3,0,0,0
2022-02-06 09:00,5,4,1,0,0,0
2022-02-06 09:15,11,8,3,0,0,0
2022-02-06 09:30,15,13,2,0,0,0
2022-02-06 09:45,15,10,5,0,0,0
2022-02-06 10:00,15,7,8,0,0,0
2022-02-06 10:15,7,6,1,0,0,0
2022-02-06 10:30,7,2,5,0,0,0
2022-02-06 10:45,16,9,7,0,0,0
2022-02-06 11:00,13,8,5,0,0,0
2022-02-06 11:15,5,4,1,0,0,0
2022-02-06 11:30,10,5,5,0,0,0
2022-02-06 11:45,12,6,6,0,0,0
2022-02-06 12:00,15,10,5,0,0,0
2022-02-06 12:15,10,1,9,0,0,0
2022-02-06 12:30,9,3,6,0,0,0
2022-02-06 12:45,9,1,8,0,0,0
2022-02-06 13:00,12,7,5,0,0,0
2022-02-06 13:15,13,4,9,0,0,0
2022-02-06 13:30,12,4,8,0,0,0
2022-02-06 13:45,14,7,7,0,0,0
2022-02-06 14:00,13,7,6,0,0,0
2022-02-06 14:15,6,3,3,0,0,0
2022-02-06 14:30,5,2,3,0,0,0
2022-02-06 14:45,6,2,4,0,0,0
2022-02-06 15:00,18,12,6,0,0,0
2022-02-06 15:15,19,11,8,0,0,0
2022-02-06 15:30,14,7,7,0,0,0
2022-02-06 15:45,16,9,7,0,0,0
2022-02-06 16:00,19,7,12,0,0,0
2022-02-06 16:15,13,5,8,0,0,0
2022-02-06 16:30,14,7,7,0,0,0
2022-02-06 16:45,15,6,9,0,0,0
2022-02-06 17:00,13,4,9,0,0,0
2022-02-06 17:15,15,7,8,0,0,0
2022-02-06 17:30,13,8,5,0,0,0
2022-02-06 17:45,26,9,17,0,0,0
2022-02-06 18:00,9,1,8,0,0,0
2022-02-06 18:15,17,1,16,0,0,0
2022-02-06 18:30,10,4,6,0,0,0
2022-02-06 18:45,20,12,8,0,0,0
2022-02-06 19:00,10,4,6,0,0,0
2022-02-06 19:15,14,5,9,0,0,0
2022-02-06 19:30,3,2,1,0,0,0
2022-02-06 19:45,7,2,5,0,0,0
2022-02-06 20:00,13,4,9,0,0,0
2022-02-06 20:15,11,3,8,0,0,0
2022-02-06 20:30,7,3,4,0,0,0
2022-02-06 20:45,11,7,4,0,0,0
2022-02-06 21:00,6,2,4,0,0,0
2022-02-06 21:15,3,0,3,0,0,0
2022-02-06 21:30,7,4,3,0,0,0
2022-02-06 21:45,6,4,2,0,0,0
2022-02-06 22:00,6,2,4,0,0,0
2022-02-06 22:15,10,2,8,0,0,0
2022-02-06 22:30,3,1,2,0,0,0
2022-02-06 22:45,7,3,4,0,0,0
2022-02-06 23:00,1,0,1,0,0,0
2022-02-06 23:15,4,2,2,0,0,0
2022-02-06 23:30,2,1,1,0,0,0
2022-02-06 23:45,3,2,1,0,0,0
2022-02-07 00:00,2,1,1,0,0,0
2022-02-07 00:15,0,0,0,0,0,0
2022-02-07 00:30,1,0,1,0,0,0
2022-02-07 00:45,1,1,0,0,0,0
2022-02-07 01:00,3,3,0,0,0,0
2022-02-07 01:15,1,1,0,0,0,0
2022-02-07 01:30,2,1,1,0,0,0
2022-02-07 01:45,1,1,0,0,0,0
2022-02-07 02:00,0,0,0,0,0,0
2022-02-07 02:15,0,0,0,0,0,0
2022-02-07 02:30,1,0,1,0,0,0
2022-02-07 02:45,0,0,0,0,0,0
2022-02-07 03:00,1,1,0,0,0,0
2022-02-07 03:15,0,0,0,0,0,0
2022-02-07 03:30,0,0,0,0,0,0
2022-02-07 03:45,1,0,1,0,0,0
2022-02-07 04:00,0,0,0,0,0,0
2022-02-07 04:15,2,1,1,0,0,0
2022-02-07 04:30,1,1,0,0,0,0
2022-02-07 04:45,0,0,0,0,0,0
2022-02-07 05:00,1,1,0,0,0,0
2022-02-07 05:15,3,1,2,0,0,0
2022-02-07 05:30,8,3,5,0,0,0
2022-02-07 05:45,11,4,7,0,0,0
2022-02-07 06:00,6,1,5,0,0,0
2022-02-07 06:15,19,7,12,0,0,0
2022-02-07 06:30,35,14,21,0,0,0
2022-02-07 06:45,44,12,32,0,0,0
2022-02-07 07:00,69,22,47,0,0,0
2022-02-07 07:15,91,38,53,0,0,0
2022-02-07 07:30,283,181,102,0,0,0
2022-02-07 07:45,179,89,90,0,0,0
2022-02-07 08:00,123,44,79,0,0,0
2022-02-07 08:15,96,41,55,0,0,0
2022-02-07 08:30,93,31,62,0,0,0
2022-02-07 08:45,123,51,72,0,0,0
2022-02-07 09:00,59,28,31,0,0,0
2022-02-07 09:15,65,35,30,0,0,0
2022-02-07 09:30,52,24,28,0,0,0
2022-02-07 09:45,74,45,29,0,0,0
2022-02-07 10:00,66,32,34,0,0,0
2022-02-07 10:15,47,34,13,0,0,0
2022-02-07 10:30,61,40,21,0,0,0
2022-02-07 10:45,62,38,24,0,0,0
2022-02-07 11:00,40,18,22,0,0,0
2022-02-07 11:15,50,28,22,0,0,0
2022-02-07 11:30,52,22,30,0,0,0
2022-02-07 11:45,63,27,36,0,0,0
2022-02-07 12:00,68,31,37,0,0,0
2022-02-07 12:15,90,25,65,0,0,0
2022-02-07 12:30,89,41,48,0,0,0
2022-02-07 12:45,81,45,36,0,0,0
2022-02-07 13:00,102,22,80,0,0,0
2022-02-07 13:15,89,38,51,0,0,0
2022-02-07 13:30,73,34,39,0,0,0
2022-02-07 13:45,60,23,37,0,0,0
2022-02-07 14:00,98,29,69,0,0,0
2022-02-07 14:15,87,33,54,0,0,0
2022-02-07 14:30,85,49,36,0,0,0
2022-02-07 14:45,100,53,47,0,0,0
2022-02-07 15:00,81,38,43,0,0,0
2022-02-07 15:15,93,63,30,0,0,0
2022-02-07 15:30,108,56,52,0,0,0
2022-02-07 15:45,90,47,43,0,0,0
2022-02-07 16:00,103,65,38,0,0,0
2022-02-07 16:15,108,67,41,0,0,0
2022-02-07 16:30,144,84,60,0,0,0
2022-02-07 16:45,116,57,59,0,0,0
2022-02-07 17:00,80,47,33,0,0,0
2022-02-07 17:15,118,62,56,0,0,0
2022-02-07 17:30,94,46,48,0,0,0
2022-02-07 17:45,90,52,38,0,0,0
2022-02-07 18:00,100,50,50,0,0,0
2022-02-07 18:15,80,41,39,0,0,0
2022-02-07 18:30,70,34,36,0,0,0
2022-02-07 18:45,71,32,39,0,0,0
2022-02-07 19:00,61,25,36,0,0,0
2022-02-07 19:15,44,19,25,0,0,0
2022-02-07 19:30,52,25,27,0,0,0
2022-02-07 19:45,39,18,21,0,0,0
2022-02-07 20:00,64,27,37,0,0,0
2022-02-07 20:15,40,10,30,0,0,0
2022-02-07 20:30,36,8,28,0,0,0
2022-02-07 20:45,22,5,17,0,0,0
2022-02-07 21:00,21,4,17,0,0,0
2022-02-07 21:15,21,10,11,0,0,0
2022-02-07 21:30,22,5,17,0,0,0
2022-02-07 21:45,19,8,11,0,0,0
2022-02-07 22:00,22,7,15,0,0,0
2022-02-07 22:15,13,4,9,0,0,0
2022-02-07 22:30,13,3,10,0,0,0
2022-02-07 22:45,12,1,11,0,0,0
2022-02-07 23:00,11,4,7,0,0,0
2022-02-07 23:15,9,4,5,0,0,0
2022-02-07 23:30,6,1,5,0,0,0
2022-02-07 23:45,1,0,1,0,0,0
2022-02-08 00:00,5,2,3,0,0,0
2022-02-08 00:15,2,2,0,0,0,0
2022-02-08 00:30,10,4,6,0,0,0
2022-02-08 00:45,0,0,0,0,0,0
2022-02-08 01:00,0,0,0,0,0,0
2022-02-08 01:15,4,2,2,0,0,0
2022-02-08 01:30,3,2,1,0,0,0
2022-02-08 01:45,0,0,0,0,0,0
2022-02-08 02:00,2,2,0,0,0,0
2022-02-08 02:15,6,6,0,0,0,0
2022-02-08 02:30,2,2,0,0,0,0
2022-02-08 02:45,0,0,0,0,0,0
2022-02-08 03:00,0,0,0,0,0,0
2022-02-08 03:15,0,0,0,0,0,0
2022-02-08 03:30,3,2,1,0,0,0
2022-02-08 03:45,0,0,0,0,0,0
2022-02-08 04:00,2,2,0,0,0,0
2022-02-08 04:15,2,1,1,0,0,0
2022-02-08 04:30,2,1,1,0,0,0
2022-02-08 04:45,0,0,0,0,0,0
2022-02-08 05:00,2,2,0,0,0,0
2022-02-08 05:15,2,1,1,0,0,0
2022-02-08 05:30,8,3,5,0,0,0
2022-02-08 05:45,13,4,9,0,0,0
2022-02-08 06:00,13,5,8,0,0,0
2022-02-08 06:15,20,7,13,0,0,0
2022-02-08 06:30,30,11,19,0,0,0
2022-02-08 06:45,59,17,42,0,0,0
2022-02-08 07:00,63,20,43,0,0,0
2022-02-08 07:15,88,48,40,0,0,0
2022-02-08 07:30,246,174,72,0,0,0
2022-02-08 07:45,200,64,136,0,0,0
2022-02-08 08:00,122,51,71,0,0,0
2022-02-08 08:15,122,71,51,0,0,0
2022-02-08 08:30,113,67,46,0,0,0
2022-02-08 08:45,109,44,65,0,0,0
2022-02-08 09:00,83,40,43,0,0,0
2022-02-08 09:15,72,35,37,0,0,0
2022-02-08 09:30,66,36,30,0,0,0
2022-02-08 09:45,71,34,37,0,0,0
2022-02-08 10:00,55,24,31,0,0,0
2022-02-08 10:15,39,20,19,0,0,0
2022-02-08 10:30,38,15,23,0,0,0
2022-02-08 10:45,65,40,25,0,0,0
2022-02-08 11:00,51,26,25,0,0,0
2022-02-08 11:15,49,29,20,0,0,0
2022-02-08 11:30,65,27,38,0,0,0
2022-02-08 11:45,63,34,29,0,0,0
2022-02-08 12:00,57,35,22,0,0,0
2022-02-08 12:15,69,28,41,0,0,0
2022-02-08 12:30,77,29,48,0,0,0
2022-02-08 12:45,76,38,38,0,0,0
2022-02-08 13:00,123,28,95,0,0,0
2022-02-08 13:15,109,33,76,0,0,0
2022-02-08 13:30,94,40,54,0,0,0
2022-02-08 13:45,69,37,32,0,0,0
2022-02-08 14:00,87,35,52,0,0,0
2022-02-08 14:15,80,41,39,0,0,0
2022-02-08 14:30,74,33,41,0,0,0
2022-02-08 14:45,94,43,51,0,0,0
2022-02-08 15:00,59,35,24,0,0,0
2022-02-08 15:15,98,58,40,0,0,0
2022-02-08 15:30,108,58,50,0,0,0
2022-02-08 15:45,105,65,40,0,0,0
2022-02-08 16:00,111,62,49,0,0,0
2022-02-08 16:15,123,63,60,0,0,0
2022-02-08 16:30,124,67,57,0,0,0
2022-02-08 16:45,97,37,60,0,0,0
2022-02-08 17:00,115,54,61,0,0,0
2022-02-08 17:15,101,60,41,0,0,0
2022-02-08 17:30,88,44,44,0,0,0
2022-02-08 17:45,98,43,55,0,0,0
2022-02-08 18:00,83,33,50,0,0,0
2022-02-08 18:15,94,39,55,0,0,0
2022-02-08 18:30,60,21,39,0,0,0
2022-02-08 18:45,75,31,44,0,0,0
2022-02-08 19:00,51,29,22,0,0,0
2022-02-08 19:15,50,26,24,0,0,0
2022-02-08 19:30,30,11,19,0,0,0
2022-02-08 19:45,28,12,16,0,0,0
2022-02-08 20:00,47,19,28,0,0,0
2022-02-08 20:15,37,10,27,0,0,0
2022-02-08 20:30,23,9,14,0,0,0
2022-02-08 20:45,19,8,11,0,0,0
2022-02-08 21:00,7,4,3,0,0,0
2022-02-08 21:15,17,5,12,0,0,0
2022-02-08 21:30,16,7,9,0,0,0
2022-02-08 21:45,15,2,13,0,0,0
2022-02-08 22:00,12,3,9,0,0,0
2022-02-08 22:15,15,3,12,0,0,0
2022-02-08 22:30,12,8,4,0,0,0
2022-02-08 22:45,12,3,9,0,0,0
2022-02-08 23:00,7,3,4,0,0,0
2022-02-08 23:15,18,10,8,0,0,0
2022-02-08 23:30,7,4,3,0,0,0
2022-02-08 23:45,2,0,2,0,0,0
2022-02-09 00:00,5,1,4,0,0,0
2022-02-09 00:15,4,3,1,0,0,0
2022-02-09 00:30,0,0,0,0,0,0
2022-02-09 00:45,0,0,0,0,0,0
2022-02-09 01:00,3,2,1,0,0,0
2022-02-09 01:15,1,0,1,0,0,0
2022-02-09 01:30,1,0,1,0,0,0
2022-02-09 01:45,2,2,0,0,0,0
2022-02-09 02:00,3,1,2,0,0,0
2022-02-09 02:15,4,4,0,0,0,0
2022-02-09 02:30,1,0,1,0,0,0
2022-02-09 02:45,2,0,2,0,0,0
2022-02-09 03:00,2,0,2,0,0,0
2022-02-09 03:15,4,2,2,0,0,0
2022-02-09 03:30,1,1,0,0,0,0
2022-02-09 03:45,0,0,0,0,0,0
2022-02-09 04:00,0,0,0,0,0,0
2022-02-09 04:15,2,1,1,0,0,0
2022-02-09 04:30,1,1,0,0,0,0
2022-02-09 04:45,0,0,0,0,0,0
2022-02-09 05:00,0,0,0,0,0,0
2022-02-09 05:15,3,3,0,0,0,0
2022-02-09 05:30,11,3,8,0,0,0
2022-02-09 05:45,18,7,11,0,0,0
2022-02-09 06:00,4,3,1,0,0,0
2022-02-09 06:15,22,7,15,0,0,0
2022-02-09 06:30,33,17,16,0,0,0
2022-02-09 06:45,64,26,38,0,0,0
2022-02-09 07:00,65,19,46,0,0,0
2022-02-09 07:15,78,35,43,0,0,0
2022-02-09 07:30,236,156,80,0,0,0
2022-02-09 07:45,193,75,118,0,0,0
2022-02-09 08:00,127,49,78,0,0,0
2022-02-09 08:15,93,40,53,0,0,0
2022-02-09 08:30,114,57,57,0,0,0
2022-02-09 08:45,125,53,72,0,0,0
2022-02-09 09:00,78,35,43,0,0,0
2022-02-09 09:15,70,39,31,0,0,0
2022-02-09 09:30,64,35,29,0,0,0
2022-02-09 09:45,70,41,29,0,0,0
2022-02-09 10:00,62,33,29,0,0,0
2022-02-09 10:15,43,21,22,0,0,0
2022-02-09 10:30,54,30,24,0,0,0
2022-02-09 10:45,64,30,34,0,0,0
2022-02-09 11:00,75,37,38,0,0,0
2022-02-09 11:15,74,32,42,0,0,0
2022-02-09 11:30,56,30,26,0,0,0
2022-02-09 11:45,74,33,41,0,0,0
2022-02-09 12:00,68,33,35,0,0,0
2022-02-09 12:15,92,41,51,0,0,0
2022-02-09 12:30,83,31,52,0,0,0
2022-02-09 12:45,93,47,46,0,0,0
2022-02-09 13:00,125,55,70,0,0,0
2022-02-09 13:15,106,41,65,0,0,0
2022-02-09 13:30,87,36,51,0,0,0
2022-02-09 13:45,98,37,61,0,0,0
2022-02-09 14:00,140,45,95,0,0,0
2022-02-09 14:15,75,39,36,0,0,0
2022-02-09 14:30,103,49,54,0,0,0
2022-02-09 14:45,83,46,37,0,0,0
2022-02-09 15:00,74,25,49,0,0,0
2022-02-09 15:15,99,53,46,0,0,0
2022-02-09 15:30,117,51,66,0,0,0
2022-02-09 15:45,130,66,64,0,0,0
2022-02-09 16:00,88,50,38,0,0,0
2022-02-09 16:15,89,40,49,0,0,0
2022-02-09 16:30,111,62,49,0,0,0
2022-02-09 16:45,83,41,42,0,0,0
2022-02-09 17:00,115,73,42,0,0,0
2022-02-09 17:15,125,73,52,0,0,0
2022-02-09 17:30,82,38,44,0,0,0
2022-02-09 17:45,108,66,42,0,0,0
2022-02-09 18:00,99,46,53,0,0,0
2022-02-09 18:15,85,38,47,0,0,0
2022-02-09 18:30,66,27,39,0,0,0
2022-02-09 18:45,65,37,28,0,0,0
2022-02-09 19:00,56,32,24,0,0,0
2022-02-09 19:15,48,23,25,0,0,0
2022-02-09 19:30,26,12,14,0,0,0
2022-02-09 19:45,39,17,22,0,0,0
2022-02-09 20:00,41,13,28,0,0,0
2022-02-09 20:15,39,23,16,0,0,0
2022-02-09 20:30,18,6,12,0,0,0
2022-02-09 20:45,19,10,9,0,0,0
2022-02-09 21:00,18,9,9,0,0,0
2022-02-09 21:15,18,4,14,0,0,0
2022-02-09 21:30,22,10,12,0,0,0
2022-02-09 21:45,28,7,21,0,0,0
2022-02-09 22:00,16,4,12,0,0,0
2022-02-09 22:15,10,1,9,0,0,0
2022-02-09 22:30,19,8,11,0,0,0
2022-02-09 22:45,15,5,10,0,0,0
2022-02-09 23:00,20,5,15,0,0,0
2022-02-09 23:15,17,5,12,0,0,0
2022-02-09 23:30,17,1,16,0,0,0
2022-02-09 23:45,5,2,3,0,0,0
2022-02-10 00:00,9,3,6,0,0,0
2022-02-10 00:15,3,1,2,0,0,0
2022-02-10 00:30,3,0,3,0,0,0
2022-02-10 00:45,4,2,2,0,0,0
2022-02-10 01:00,3,1,2,0,0,0
2022-02-10 01:15,1,1,0,0,0,0
2022-02-10 01:30,1,0,1,0,0,0
2022-02-10 01:45,3,2,1,0,0,0
2022-02-10 02:00,2,2,0,0,0,0
2022-02-10 02:15,2,1,1,0,0,0
2022-02-10 02:30,1,0,1,0,0,0
2022-02-10 02:45,3,0,3,0,0,0
2022-02-10 03:00,0,0,0,0,0,0
2022-02-10 03:15,1,1,0,0,0,0
2022-02-10 03:30,0,0,0,0,0,0
2022-02-10 03:45,1,0,1,0,0,0
2022-02-10 04:00,1,1,0,0,0,0
2022-02-10 04:15,1,1,0,0,0,0
2022-02-10 04:30,1,0,1,0,0,0
2022-02-10 04:45,4,0,4,0,0,0
2022-02-10 05:00,1,1,0,0,0,0
2022-02-10 05:15,0,0,0,0,0,0
2022-02-10 05:30,5,2,3,0,0,0
2022-02-10 05:45,11,5,6,0,0,0
2022-02-10 06:00,7,3,4,0,0,0
2022-02-10 06:15,19,2,17,0,0,0
2022-02-10 06:30,28,14,14,0,0,0
2022-02-10 06:45,49,15,34,0,0,0
2022-02-10 07:00,61,12,49,0,0,0
2022-02-10 07:15,82,42,40,0,0,0
2022-02-10 07:30,241,166,75,0,0,0
2022-02-10 07:45,183,77,106,0,0,0
2022-02-10 08:00,90,33,57,0,0,0
2022-02-10 08:15,101,53,48,0,0,0
2022-02-10 08:30,115,54,61,0,0,0
2022-02-10 08:45,105,41,64,0,0,0
2022-02-10 09:00,69,35,34,0,0,0
2022-02-10 09:15,60,30,30,0,0,0
2022-02-10 09:30,63,32,31,0,0,0
2022-02-10 09:45,72,42,30,0,0,0
2022-02-10 10:00,54,26,28,0,0,0
2022-02-10 10:15,45,25,20,0,0,0
2022-02-10 10:30,37,12,25,0,0,0
2022-02-10 10:45,32,16,16,0,0,0
2022-02-10 11:00,44,28,16,0,0,0
2022-02-10 11:15,48,20,28,0,0,0
2022-02-10 11:30,45,18,27,0,0,0
2022-02-10 11:45,53,31,22,0,0,0
2022-02-10 12:00,47,24,23,0,0,0
2022-02-10 12:15,89,28,61,0,0,0
2022-02-10 12:30,64,16,48,0,0,0
2022-02-10 12:45,78,39,39,0,0,0
2022-02-10 13:00,74,24,50,0,0,0
2022-02-10 13:15,94,28,66,0,0,0
2022-02-10 13:30,53,25,28,0,0,0
2022-02-10 13:45,60,26,34,0,0,0
2022-02-10 14:00,99,42,57,0,0,0
2022-02-10 14:15,59,25,34,0,0,0
2022-02-10 14:30,73,38,35,0,0,0
2022-02-10 14:45,96,47,49,0,0,0
2022-02-10 15:00,98,44,54,0,0,0
2022-02-10 15:15,71,49,22,0,0,0
2022-02-10 15:30,109,46,63,0,0,0
2022-02-10 15:45,102,46,56,0,0,0
2022-02-10 16:00,116,60,56,0,0,0
2022-02-10 16:15,114,68,46,0,0,0
2022-02-10 16:30,115,66,49,0,0,0
2022-02-10 16:45,114,56,58,0,0,0
2022-02-10 17:00,102,60,42,0,0,0
2022-02-10 17:15,89,40,49,0,0,0
2022-02-10 17:30,83,29,54,0,0,0
2022-02-10 17:45,61,27,34,0,0,0
2022-02-10 18:00,105,49,56,0,0,0
2022-02-10 18:15,77,40,37,0,0,0
2022-02-10 18:30,61,28,33,0,0,0
2022-02-10 18:45,51,27,24,0,0,0
2022-02-10 19:00,68,30,38,0,0,0
2022-02-10 19:15,52,26,26,0,0,0
2022-02-10 19:30,31,15,16,0,0,0
2022-02-10 19:45,38,15,23,0,0,0
2022-02-10 20:00,44,14,30,0,0,0
2022-02-10 20:15,36,13,23,0,0,0
2022-02-10 20:30,20,10,10,0,0,0
2022-02-10 20:45,31,8,23,0,0,0
2022-02-10 21:00,25,12,13,0,0,0
2022-02-10 21:15,14,8,6,0,0,0
2022-02-10 21:30,15,7,8,0,0,0
2022-02-10 21:45,22,6,16,0,0,0
2022-02-10 22:00,19,2,17,0,0,0
2022-02-10 22:15,10,4,6,0,0,0
2022-02-10 22:30,21,3,18,0,0,0
2022-02-10 22:45,14,6,8,0,0,0
2022-02-10 23:00,5,0,5,0,0,0
2022-02-10 23:15,21,10,11,0,0,0
2022-02-10 23:30,14,9,5,0,0,0
2022-02-10 23:45,4,2,2,0,0,0
