Datetime,100031300 (HafenstraÃŸe),101031300 (Channel 1 IN),102031300 (Channel 2 OUT),100031300-status,101031300-status,102031300-status
2021-08-01 00:00,37,18,19,0,0,0
2021-08-01 00:15,42,15,27,0,0,0
2021-08-01 00:30,43,21,22,0,0,0
2021-08-01 00:45,31,11,20,0,0,0
2021-08-01 01:00,34,13,21,0,0,0
2021-08-01 01:15,27,9,18,0,0,0
2021-08-01 01:30,31,9,22,0,0,0
2021-08-01 01:45,32,9,23,0,0,0
2021-08-01 02:00,19,5,14,0,0,0
2021-08-01 02:15,21,8,13,0,0,0
2021-08-01 02:30,23,3,20,0,0,0
2021-08-01 02:45,18,7,11,0,0,0
2021-08-01 03:00,23,9,14,0,0,0
2021-08-01 03:15,13,1,12,0,0,0
2021-08-01 03:30,15,6,9,0,0,0
2021-08-01 03:45,15,3,12,0,0,0
2021-08-01 04:00,11,6,5,0,0,0
2021-08-01 04:15,12,4,8,0,0,0
2021-08-01 04:30,18,5,13,0,0,0
2021-08-01 04:45,5,1,4,0,0,0
2021-08-01 05:00,6,0,6,0,0,0
2021-08-01 05:15,6,2,4,0,0,0
2021-08-01 05:30,12,2,10,0,0,0
2021-08-01 05:45,10,5,5,0,0,0
2021-08-01 06:00,8,2,6,0,0,0
2021-08-01 06:15,8,4,4,0,0,0
2021-08-01 06:30,11,3,8,0,0,0
2021-08-01 06:45,7,3,4,0,0,0
2021-08-01 07:00,10,7,3,0,0,0
2021-08-01 07:15,8,3,5,0,0,0
2021-08-01 07:30,12,4,8,0,0,0
2021-08-01 07:45,7,3,4,0,0,0
2021-08-01 08:00,10,2,8,0,0,0
2021-08-01 08:15,18,7,11,0,0,0
2021-08-01 08:30,20,6,14,0,0,0
2021-08-01 08:45,16,4,12,0,0,0
2021-08-01 09:00,13,5,8,0,0,0
2021-08-01 09:15,25,7,18,0,0,0
2021-08-01 09:30,40,14,26,0,0,0
2021-08-01 09:45,41,19,22,0,0,0
2021-08-01 10:00,40,15,25,0,0,0
2021-08-01 10:15,36,18,18,0,0,0
2021-08-01 10:30,34,15,19,0,0,0
2021-08-01 10:45,63,30,33,0,0,0
2021-08-01 11:00,50,16,34,0,0,0
2021-08-01 11:15,53,23,30,0,0,0
2021-08-01 11:30,66,23,43,0,0,0
2021-08-01 11:45,48,25,23,0,0,0
2021-08-01 12:00,57,31,26,0,0,0
2021-08-01 12:15,77,24,53,0,0,0
2021-08-01 12:30,87,35,52,0,0,0
2021-08-01 12:45,52,24,28,0,0,0
2021-08-01 13:00,72,39,33,0,0,0
2021-08-01 13:15,67,27,40,0,0,0
2021-08-01 13:30,66,37,29,0,0,0
2021-08-01 13:45,89,33,56,0,0,0
2021-08-01 14:00,56,19,37,0,0,0
2021-08-01 14:15,70,30,40,0,0,0
2021-08-01 14:30,69,25,44,0,0,0
2021-08-01 14:45,91,52,39,0,0,0
2021-08-01 15:00,92,37,55,0,0,0
2021-08-01 15:15,66,28,38,0,0,0
2021-08-01 15:30,77,44,33,0,0,0
2021-08-01 15:45,91,50,41,0,0,0
2021-08-01 16:00,95,33,62,0,0,0
2021-08-01 16:15,73,31,42,0,0,0
2021-08-01 16:30,75,26,49,0,0,0
2021-08-01 16:45,68,31,37,0,0,0
2021-08-01 17:00,51,24,27,0,0,0
2021-08-01 17:15,39,16,23,0,0,0
2021-08-01 17:30,75,34,41,0,0,0
2021-08-01 17:45,84,31,53,0,0,0
2021-08-01 18:00,53,29,24,0,0,0
2021-08-01 18:15,78,39,39,0,0,0
2021-08-01 18:30,55,14,41,0,0,0
2021-08-01 18:45,64,36,28,0,0,0
2021-08-01 19:00,65,26,39,0,0,0
2021-08-01 19:15,69,33,36,0,0,0
2021-08-01 19:30,75,26,49,0,0,0
2021-08-01 19:45,73,30,43,0,0,0
2021-08-01 20:00,76,33,43,0,0,0
2021-08-01 20:15,54,18,36,0,0,0
2021-08-01 20:30,65,24,41,0,0,0
2021-08-01 20:45,52,20,32,0,0,0
2021-08-01 21:00,42,21,21,0,0,0
2021-08-01 21:15,55,24,31,0,0,0
2021-08-01 21:30,36,13,23,0,0,0
2021-08-01 21:45,35,20,15,0,0,0
2021-08-01 22:00,48,21,27,0,0,0
2021-08-01 22:15,42,14,28,0,0,0
2021-08-01 22:30,39,16,23,0,0,0
2021-08-01 22:45,26,4,22,0,0,0
2021-08-01 23:00,21,7,14,0,0,0
2021-08-01 23:15,16,5,11,0,0,0
2021-08-01 23:30,12,2,10,0,0,0
2021-08-01 23:45,12,5,7,0,0,0
2021-08-02 00:00,10,3,7,0,0,0
2021-08-02 00:15,5,1,4,0,0,0
2021-08-02 00:30,8,3,5,0,0,0
2021-08-02 00:45,13,3,10,0,0,0
2021-08-02 01:00,8,2,6,0,0,0
2021-08-02 01:15,4,1,3,0,0,0
2021-08-02 01:30,3,0,3,0,0,0
2021-08-02 01:45,4,1,3,0,0,0
2021-08-02 02:00,5,2,3,0,0,0
2021-08-02 02:15,3,1,2,0,0,0
2021-08-02 02:30,2,1,1,0,0,0
2021-08-02 02:45,4,3,1,0,0,0
2021-08-02 03:00,2,1,1,0,0,0
2021-08-02 03:15,1,0,1,0,0,0
2021-08-02 03:30,1,0,1,0,0,0
2021-08-02 03:45,3,1,2,0,0,0
2021-08-02 04:00,2,0,2,0,0,0
2021-08-02 04:15,1,1,0,0,0,0
2021-08-02 04:30,7,3,4,0,0,0
2021-08-02 04:45,7,2,5,0,0,0
2021-08-02 05:00,1,1,0,0,0,0
2021-08-02 05:15,11,6,5,0,0,0
2021-08-02 05:30,20,9,11,0,0,0
2021-08-02 05:45,17,11,6,0,0,0
2021-08-02 06:00,22,4,18,0,0,0
2021-08-02 06:15,31,7,24,0,0,0
2021-08-02 06:30,46,21,25,0,0,0
2021-08-02 06:45,71,38,33,0,0,0
2021-08-02 07:00,76,34,42,0,0,0
2021-08-02 07:15,102,44,58,0,0,0
2021-08-02 07:30,110,56,54,0,0,0
2021-08-02 07:45,112,59,53,0,0,0
2021-08-02 08:00,96,50,46,0,0,0
2021-08-02 08:15,118,59,59,0,0,0
2021-08-02 08:30,119,66,53,0,0,0
2021-08-02 08:45,119,57,62,0,0,0
2021-08-02 09:00,91,52,39,0,0,0
2021-08-02 09:15,86,32,54,0,0,0
2021-08-02 09:30,84,29,55,0,0,0
2021-08-02 09:45,100,38,62,0,0,0
2021-08-02 10:00,90,45,45,0,0,0
2021-08-02 10:15,90,45,45,0,0,0
2021-08-02 10:30,78,27,51,0,0,0
2021-08-02 10:45,83,29,54,0,0,0
2021-08-02 11:00,93,28,65,0,0,0
2021-08-02 11:15,100,50,50,0,0,0
2021-08-02 11:30,75,22,53,0,0,0
2021-08-02 11:45,98,38,60,0,0,0
2021-08-02 12:00,102,47,55,0,0,0
2021-08-02 12:15,113,52,61,0,0,0
2021-08-02 12:30,113,44,69,0,0,0
2021-08-02 12:45,125,47,78,0,0,0
2021-08-02 13:00,101,50,51,0,0,0
2021-08-02 13:15,128,51,77,0,0,0
2021-08-02 13:30,84,44,40,0,0,0
2021-08-02 13:45,104,52,52,0,0,0
2021-08-02 14:00,102,30,72,0,0,0
2021-08-02 14:15,121,50,71,0,0,0
2021-08-02 14:30,103,48,55,0,0,0
2021-08-02 14:45,100,41,59,0,0,0
2021-08-02 15:00,123,60,63,0,0,0
2021-08-02 15:15,112,54,58,0,0,0
2021-08-02 15:30,100,44,56,0,0,0
2021-08-02 15:45,132,79,53,0,0,0
2021-08-02 16:00,151,83,68,0,0,0
2021-08-02 16:15,157,80,77,0,0,0
2021-08-02 16:30,144,61,83,0,0,0
2021-08-02 16:45,173,62,111,0,0,0
2021-08-02 17:00,166,65,101,0,0,0
2021-08-02 17:15,170,78,92,0,0,0
2021-08-02 17:30,162,74,88,0,0,0
2021-08-02 17:45,137,58,79,0,0,0
2021-08-02 18:00,147,68,79,0,0,0
2021-08-02 18:15,125,63,62,0,0,0
2021-08-02 18:30,114,49,65,0,0,0
2021-08-02 18:45,113,56,57,0,0,0
2021-08-02 19:00,128,73,55,0,0,0
2021-08-02 19:15,95,50,45,0,0,0
2021-08-02 19:30,95,44,51,0,0,0
2021-08-02 19:45,97,45,52,0,0,0
2021-08-02 20:00,98,44,54,0,0,0
2021-08-02 20:15,87,29,58,0,0,0
2021-08-02 20:30,59,23,36,0,0,0
2021-08-02 20:45,70,22,48,0,0,0
2021-08-02 21:00,59,21,38,0,0,0
2021-08-02 21:15,69,24,45,0,0,0
2021-08-02 21:30,41,11,30,0,0,0
2021-08-02 21:45,50,19,31,0,0,0
2021-08-02 22:00,41,17,24,0,0,0
2021-08-02 22:15,40,19,21,0,0,0
2021-08-02 22:30,46,14,32,0,0,0
2021-08-02 22:45,24,9,15,0,0,0
2021-08-02 23:00,36,10,26,0,0,0
2021-08-02 23:15,14,4,10,0,0,0
2021-08-02 23:30,17,9,8,0,0,0
2021-08-02 23:45,21,6,15,0,0,0
2021-08-03 00:00,14,3,11,0,0,0
2021-08-03 00:15,21,19,2,0,0,0
2021-08-03 00:30,4,3,1,0,0,0
2021-08-03 00:45,10,2,8,0,0,0
2021-08-03 01:00,5,3,2,0,0,0
2021-08-03 01:15,4,1,3,0,0,0
2021-08-03 01:30,10,3,7,0,0,0
2021-08-03 01:45,3,2,1,0,0,0
2021-08-03 02:00,5,2,3,0,0,0
2021-08-03 02:15,3,2,1,0,0,0
2021-08-03 02:30,0,0,0,0,0,0
2021-08-03 02:45,1,0,1,0,0,0
2021-08-03 03:00,3,2,1,0,0,0
2021-08-03 03:15,4,0,4,0,0,0
2021-08-03 03:30,1,0,1,0,0,0
2021-08-03 03:45,0,0,0,0,0,0
2021-08-03 04:00,1,0,1,0,0,0
2021-08-03 04:15,2,0,2,0,0,0
2021-08-03 04:30,8,2,6,0,0,0
2021-08-03 04:45,5,1,4,0,0,0
2021-08-03 05:00,3,3,0,0,0,0
2021-08-03 05:15,8,5,3,0,0,0
2021-08-03 05:30,25,8,17,0,0,0
2021-08-03 05:45,17,9,8,0,0,0
2021-08-03 06:00,31,7,24,0,0,0
2021-08-03 06:15,29,8,21,0,0,0
2021-08-03 06:30,48,23,25,0,0,0
2021-08-03 06:45,78,44,34,0,0,0
2021-08-03 07:00,94,53,41,0,0,0
2021-08-03 07:15,88,41,47,0,0,0
2021-08-03 07:30,83,41,42,0,0,0
2021-08-03 07:45,125,65,60,0,0,0
2021-08-03 08:00,136,80,56,0,0,0
2021-08-03 08:15,117,60,57,0,0,0
2021-08-03 08:30,110,57,53,0,0,0
2021-08-03 08:45,120,64,56,0,0,0
2021-08-03 09:00,91,48,43,0,0,0
2021-08-03 09:15,66,34,32,0,0,0
2021-08-03 09:30,94,37,57,0,0,0
2021-08-03 09:45,90,39,51,0,0,0
2021-08-03 10:00,88,30,58,0,0,0
2021-08-03 10:15,92,35,57,0,0,0
2021-08-03 10:30,91,41,50,0,0,0
2021-08-03 10:45,103,40,63,0,0,0
2021-08-03 11:00,101,33,68,0,0,0
2021-08-03 11:15,75,34,41,0,0,0
2021-08-03 11:30,97,42,55,0,0,0
2021-08-03 11:45,96,51,45,0,0,0
2021-08-03 12:00,112,41,71,0,0,0
2021-08-03 12:15,122,41,81,0,0,0
2021-08-03 12:30,115,49,66,0,0,0
2021-08-03 12:45,119,51,68,0,0,0
2021-08-03 13:00,130,65,65,0,0,0
2021-08-03 13:15,114,51,63,0,0,0
2021-08-03 13:30,100,47,53,0,0,0
2021-08-03 13:45,99,34,65,0,0,0
2021-08-03 14:00,124,59,65,0,0,0
2021-08-03 14:15,106,42,64,0,0,0
2021-08-03 14:30,115,59,56,0,0,0
2021-08-03 14:45,127,49,78,0,0,0
2021-08-03 15:00,122,72,50,0,0,0
2021-08-03 15:15,117,50,67,0,0,0
2021-08-03 15:30,120,65,55,0,0,0
2021-08-03 15:45,152,82,70,0,0,0
2021-08-03 16:00,141,51,90,0,0,0
2021-08-03 16:15,156,64,92,0,0,0
2021-08-03 16:30,168,77,91,0,0,0
2021-08-03 16:45,157,86,71,0,0,0
2021-08-03 17:00,187,101,86,0,0,0
2021-08-03 17:15,210,97,113,0,0,0
2021-08-03 17:30,177,96,81,0,0,0
2021-08-03 17:45,189,84,105,0,0,0
2021-08-03 18:00,151,74,77,0,0,0
2021-08-03 18:15,123,63,60,0,0,0
2021-08-03 18:30,124,54,70,0,0,0
2021-08-03 18:45,140,70,70,0,0,0
2021-08-03 19:00,115,58,57,0,0,0
2021-08-03 19:15,119,47,72,0,0,0
2021-08-03 19:30,93,38,55,0,0,0
2021-08-03 19:45,90,59,31,0,0,0
2021-08-03 20:00,91,43,48,0,0,0
2021-08-03 20:15,90,43,47,0,0,0
2021-08-03 20:30,42,15,27,0,0,0
2021-08-03 20:45,72,21,51,0,0,0
2021-08-03 21:00,61,27,34,0,0,0
2021-08-03 21:15,68,24,44,0,0,0
2021-08-03 21:30,57,23,34,0,0,0
2021-08-03 21:45,55,29,26,0,0,0
2021-08-03 22:00,38,10,28,0,0,0
2021-08-03 22:15,58,24,34,0,0,0
2021-08-03 22:30,46,17,29,0,0,0
2021-08-03 22:45,55,22,33,0,0,0
2021-08-03 23:00,45,18,27,0,0,0
2021-08-03 23:15,40,11,29,0,0,0
2021-08-03 23:30,16,4,12,0,0,0
2021-08-03 23:45,13,7,6,0,0,0
2021-08-04 00:00,18,6,12,0,0,0
2021-08-04 00:15,12,5,7,0,0,0
2021-08-04 00:30,13,5,8,0,0,0
2021-08-04 00:45,12,4,8,0,0,0
2021-08-04 01:00,14,4,10,0,0,0
2021-08-04 01:15,6,4,2,0,0,0
2021-08-04 01:30,6,2,4,0,0,0
2021-08-04 01:45,10,4,6,0,0,0
2021-08-04 02:00,4,1,3,0,0,0
2021-08-04 02:15,5,2,3,0,0,0
2021-08-04 02:30,3,0,3,0,0,0
2021-08-04 02:45,7,1,6,0,0,0
2021-08-04 03:00,8,1,7,0,0,0
2021-08-04 03:15,2,1,1,0,0,0
2021-08-04 03:30,6,2,4,0,0,0
2021-08-04 03:45,1,1,0,0,0,0
2021-08-04 04:00,4,2,2,0,0,0
2021-08-04 04:15,5,0,5,0,0,0
2021-08-04 04:30,11,2,9,0,0,0
2021-08-04 04:45,4,1,3,0,0,0
2021-08-04 05:00,4,2,2,0,0,0
2021-08-04 05:15,5,4,1,0,0,0
2021-08-04 05:30,20,8,12,0,0,0
2021-08-04 05:45,30,13,17,0,0,0
2021-08-04 06:00,20,4,16,0,0,0
2021-08-04 06:15,33,11,22,0,0,0
2021-08-04 06:30,36,15,21,0,0,0
2021-08-04 06:45,56,32,24,0,0,0
2021-08-04 07:00,70,30,40,0,0,0
2021-08-04 07:15,94,47,47,0,0,0
2021-08-04 07:30,90,41,49,0,0,0
2021-08-04 07:45,124,65,59,0,0,0
2021-08-04 08:00,114,72,42,0,0,0
2021-08-04 08:15,107,50,57,0,0,0
2021-08-04 08:30,111,57,54,0,0,0
2021-08-04 08:45,148,64,84,0,0,0
2021-08-04 09:00,99,39,60,0,0,0
2021-08-04 09:15,70,28,42,0,0,0
2021-08-04 09:30,79,35,44,0,0,0
2021-08-04 09:45,110,40,70,0,0,0
2021-08-04 10:00,84,32,52,0,0,0
2021-08-04 10:15,94,41,53,0,0,0
2021-08-04 10:30,95,27,68,0,0,0
2021-08-04 10:45,107,48,59,0,0,0
2021-08-04 11:00,117,45,72,0,0,0
2021-08-04 11:15,89,37,52,0,0,0
2021-08-04 11:30,93,47,46,0,0,0
2021-08-04 11:45,128,62,66,0,0,0
2021-08-04 12:00,121,53,68,0,0,0
2021-08-04 12:15,110,38,72,0,0,0
2021-08-04 12:30,123,45,78,0,0,0
2021-08-04 12:45,117,67,50,0,0,0
2021-08-04 13:00,125,68,57,0,0,0
2021-08-04 13:15,158,79,79,0,0,0
2021-08-04 13:30,127,63,64,0,0,0
2021-08-04 13:45,143,60,83,0,0,0
2021-08-04 14:00,121,54,67,0,0,0
2021-08-04 14:15,136,72,64,0,0,0
2021-08-04 14:30,131,60,71,0,0,0
2021-08-04 14:45,132,64,68,0,0,0
2021-08-04 15:00,130,62,68,0,0,0
2021-08-04 15:15,148,79,69,0,0,0
2021-08-04 15:30,118,63,55,0,0,0
2021-08-04 15:45,132,64,68,0,0,0
2021-08-04 16:00,137,65,72,0,0,0
2021-08-04 16:15,175,86,89,0,0,0
2021-08-04 16:30,156,76,80,0,0,0
2021-08-04 16:45,193,84,109,0,0,0
2021-08-04 17:00,211,101,110,0,0,0
2021-08-04 17:15,159,82,77,0,0,0
2021-08-04 17:30,155,69,86,0,0,0
2021-08-04 17:45,163,72,91,0,0,0
2021-08-04 18:00,155,76,79,0,0,0
2021-08-04 18:15,172,70,102,0,0,0
2021-08-04 18:30,118,48,70,0,0,0
2021-08-04 18:45,90,44,46,0,0,0
2021-08-04 19:00,95,35,60,0,0,0
2021-08-04 19:15,104,52,52,0,0,0
2021-08-04 19:30,87,35,52,0,0,0
2021-08-04 19:45,88,40,48,0,0,0
2021-08-04 20:00,87,37,50,0,0,0
2021-08-04 20:15,80,28,52,0,0,0
2021-08-04 20:30,83,32,51,0,0,0
2021-08-04 20:45,53,24,29,0,0,0
2021-08-04 21:00,74,23,51,0,0,0
2021-08-04 21:15,60,31,29,0,0,0
2021-08-04 21:30,66,32,34,0,0,0
2021-08-04 21:45,73,41,32,0,0,0
2021-08-04 22:00,55,25,30,0,0,0
2021-08-04 22:15,53,20,33,0,0,0
2021-08-04 22:30,52,22,30,0,0,0
2021-08-04 22:45,63,31,32,0,0,0
2021-08-04 23:00,41,12,29,0,0,0
2021-08-04 23:15,31,13,18,0,0,0
2021-08-04 23:30,28,10,18,0,0,0
2021-08-04 23:45,23,12,11,0,0,0
2021-08-05 00:00,24,9,15,0,0,0
2021-08-05 00:15,11,2,9,0,0,0
2021-08-05 00:30,15,6,9,0,0,0
2021-08-05 00:45,18,7,11,0,0,0
2021-08-05 01:00,10,4,6,0,0,0
2021-08-05 01:15,13,2,11,0,0,0
2021-08-05 01:30,11,1,10,0,0,0
2021-08-05 01:45,4,1,3,0,0,0
2021-08-05 02:00,6,3,3,0,0,0
2021-08-05 02:15,6,1,5,0,0,0
2021-08-05 02:30,1,0,1,0,0,0
2021-08-05 02:45,9,3,6,0,0,0
2021-08-05 03:00,3,1,2,0,0,0
2021-08-05 03:15,4,1,3,0,0,0
2021-08-05 03:30,12,1,11,0,0,0
2021-08-05 03:45,4,2,2,0,0,0
2021-08-05 04:00,1,1,0,0,0,0
2021-08-05 04:15,7,2,5,0,0,0
2021-08-05 04:30,6,2,4,0,0,0
2021-08-05 04:45,10,4,6,0,0,0
2021-08-05 05:00,4,2,2,0,0,0
2021-08-05 05:15,13,2,11,0,0,0
2021-08-05 05:30,20,8,12,0,0,0
2021-08-05 05:45,21,10,11,0,0,0
2021-08-05 06:00,16,5,11,0,0,0
2021-08-05 06:15,42,10,32,0,0,0
2021-08-05 06:30,46,19,27,0,0,0
2021-08-05 06:45,62,29,33,0,0,0
2021-08-05 07:00,68,34,34,0,0,0
2021-08-05 07:15,84,41,43,0,0,0
2021-08-05 07:30,93,54,39,0,0,0
2021-08-05 07:45,123,67,56,0,0,0
2021-08-05 08:00,109,59,50,0,0,0
2021-08-05 08:15,89,43,46,0,0,0
2021-08-05 08:30,95,49,46,0,0,0
2021-08-05 08:45,121,61,60,0,0,0
2021-08-05 09:00,71,28,43,0,0,0
2021-08-05 09:15,82,28,54,0,0,0
2021-08-05 09:30,76,27,49,0,0,0
2021-08-05 09:45,91,35,56,0,0,0
2021-08-05 10:00,61,32,29,0,0,0
2021-08-05 10:15,66,27,39,0,0,0
2021-08-05 10:30,66,31,35,0,0,0
2021-08-05 10:45,99,41,58,0,0,0
2021-08-05 11:00,87,29,58,0,0,0
2021-08-05 11:15,96,48,48,0,0,0
2021-08-05 11:30,109,47,62,0,0,0
2021-08-05 11:45,144,59,85,0,0,0
2021-08-05 12:00,110,52,58,0,0,0
2021-08-05 12:15,121,66,55,0,0,0
2021-08-05 12:30,110,40,70,0,0,0
2021-08-05 12:45,126,47,79,0,0,0
2021-08-05 13:00,128,50,78,0,0,0
2021-08-05 13:15,102,51,51,0,0,0
2021-08-05 13:30,117,58,59,0,0,0
2021-08-05 13:45,122,61,61,0,0,0
2021-08-05 14:00,134,52,82,0,0,0
2021-08-05 14:15,127,67,60,0,0,0
2021-08-05 14:30,120,53,67,0,0,0
2021-08-05 14:45,112,60,52,0,0,0
2021-08-05 15:00,99,45,54,0,0,0
2021-08-05 15:15,126,52,74,0,0,0
2021-08-05 15:30,133,57,76,0,0,0
2021-08-05 15:45,133,61,72,0,0,0
2021-08-05 16:00,169,68,101,0,0,0
2021-08-05 16:15,177,90,87,0,0,0
2021-08-05 16:30,146,64,82,0,0,0
2021-08-05 16:45,183,90,93,0,0,0
2021-08-05 17:00,182,70,112,0,0,0
2021-08-05 17:15,178,85,93,0,0,0
2021-08-05 17:30,159,72,87,0,0,0
2021-08-05 17:45,217,108,109,0,0,0
2021-08-05 18:00,152,68,84,0,0,0
2021-08-05 18:15,155,87,68,0,0,0
2021-08-05 18:30,144,66,78,0,0,0
2021-08-05 18:45,132,67,65,0,0,0
2021-08-05 19:00,145,74,71,0,0,0
2021-08-05 19:15,111,70,41,0,0,0
2021-08-05 19:30,105,58,47,0,0,0
2021-08-05 19:45,117,64,53,0,0,0
2021-08-05 20:00,115,45,70,0,0,0
2021-08-05 20:15,104,47,57,0,0,0
2021-08-05 20:30,74,41,33,0,0,0
2021-08-05 20:45,89,35,54,0,0,0
2021-08-05 21:00,78,36,42,0,0,0
2021-08-05 21:15,51,21,30,0,0,0
2021-08-05 21:30,72,21,51,0,0,0
2021-08-05 21:45,67,30,37,0,0,0
2021-08-05 22:00,53,20,33,0,0,0
2021-08-05 22:15,59,25,34,0,0,0
2021-08-05 22:30,45,14,31,0,0,0
2021-08-05 22:45,44,17,27,0,0,0
2021-08-05 23:00,40,11,29,0,0,0
2021-08-05 23:15,25,3,22,0,0,0
2021-08-05 23:30,52,13,39,0,0,0
2021-08-05 23:45,42,19,23,0,0,0
2021-08-06 00:00,47,22,25,0,0,0
2021-08-06 00:15,30,10,20,0,0,0
2021-08-06 00:30,14,4,10,0,0,0
2021-08-06 00:45,16,5,11,0,0,0
2021-08-06 01:00,9,0,9,0,0,0
2021-08-06 01:15,11,5,6,0,0,0
2021-08-06 01:30,12,7,5,0,0,0
2021-08-06 01:45,5,3,2,0,0,0
2021-08-06 02:00,4,1,3,0,0,0
2021-08-06 02:15,4,0,4,0,0,0
2021-08-06 02:30,2,0,2,0,0,0
2021-08-06 02:45,2,2,0,0,0,0
2021-08-06 03:00,1,1,0,0,0,0
2021-08-06 03:15,0,0,0,0,0,0
2021-08-06 03:30,0,0,0,0,0,0
2021-08-06 03:45,0,0,0,0,0,0
2021-08-06 04:00,1,0,1,0,0,0
2021-08-06 04:15,4,2,2,0,0,0
2021-08-06 04:30,3,2,1,0,0,0
2021-08-06 04:45,7,1,6,0,0,0
2021-08-06 05:00,1,0,1,0,0,0
2021-08-06 05:15,6,1,5,0,0,0
2021-08-06 05:30,19,4,15,0,0,0
2021-08-06 05:45,20,12,8,0,0,0
2021-08-06 06:00,17,4,13,0,0,0
2021-08-06 06:15,33,6,27,0,0,0
2021-08-06 06:30,43,18,25,0,0,0
2021-08-06 06:45,55,25,30,0,0,0
2021-08-06 07:00,54,26,28,0,0,0
2021-08-06 07:15,80,38,42,0,0,0
2021-08-06 07:30,91,38,53,0,0,0
2021-08-06 07:45,113,59,54,0,0,0
2021-08-06 08:00,89,40,49,0,0,0
2021-08-06 08:15,98,51,47,0,0,0
2021-08-06 08:30,72,35,37,0,0,0
2021-08-06 08:45,98,33,65,0,0,0
2021-08-06 09:00,113,55,58,0,0,0
2021-08-06 09:15,83,25,58,0,0,0
2021-08-06 09:30,74,33,41,0,0,0
2021-08-06 09:45,91,28,63,0,0,0
2021-08-06 10:00,80,35,45,0,0,0
2021-08-06 10:15,66,30,36,0,0,0
2021-08-06 10:30,65,29,36,0,0,0
2021-08-06 10:45,79,29,50,0,0,0
2021-08-06 11:00,104,32,72,0,0,0
2021-08-06 11:15,81,36,45,0,0,0
2021-08-06 11:30,88,49,39,0,0,0
2021-08-06 11:45,93,45,48,0,0,0
2021-08-06 12:00,107,48,59,0,0,0
2021-08-06 12:15,115,38,77,0,0,0
2021-08-06 12:30,125,46,79,0,0,0
2021-08-06 12:45,134,58,76,0,0,0
2021-08-06 13:00,133,45,88,0,0,0
2021-08-06 13:15,135,59,76,0,0,0
2021-08-06 13:30,130,45,85,0,0,0
2021-08-06 13:45,131,50,81,0,0,0
2021-08-06 14:00,128,47,81,0,0,0
2021-08-06 14:15,115,51,64,0,0,0
2021-08-06 14:30,108,44,64,0,0,0
2021-08-06 14:45,137,43,94,0,0,0
2021-08-06 15:00,112,47,65,0,0,0
2021-08-06 15:15,125,52,73,0,0,0
2021-08-06 15:30,104,45,59,0,0,0
2021-08-06 15:45,139,53,86,0,0,0
2021-08-06 16:00,115,47,68,0,0,0
2021-08-06 16:15,123,54,69,0,0,0
2021-08-06 16:30,123,56,67,0,0,0
2021-08-06 16:45,116,54,62,0,0,0
2021-08-06 17:00,116,55,61,0,0,0
2021-08-06 17:15,105,53,52,0,0,0
2021-08-06 17:30,116,58,58,0,0,0
2021-08-06 17:45,112,49,63,0,0,0
2021-08-06 18:00,116,60,56,0,0,0
2021-08-06 18:15,118,60,58,0,0,0
2021-08-06 18:30,109,41,68,0,0,0
2021-08-06 18:45,110,74,36,0,0,0
2021-08-06 19:00,114,59,55,0,0,0
2021-08-06 19:15,107,47,60,0,0,0
2021-08-06 19:30,102,48,54,0,0,0
2021-08-06 19:45,79,37,42,0,0,0
2021-08-06 20:00,91,52,39,0,0,0
2021-08-06 20:15,81,39,42,0,0,0
2021-08-06 20:30,70,30,40,0,0,0
2021-08-06 20:45,73,42,31,0,0,0
2021-08-06 21:00,64,22,42,0,0,0
2021-08-06 21:15,56,26,30,0,0,0
2021-08-06 21:30,70,28,42,0,0,0
2021-08-06 21:45,67,26,41,0,0,0
2021-08-06 22:00,64,37,27,0,0,0
2021-08-06 22:15,94,37,57,0,0,0
2021-08-06 22:30,57,16,41,0,0,0
2021-08-06 22:45,53,29,24,0,0,0
2021-08-06 23:00,46,18,28,0,0,0
2021-08-06 23:15,41,14,27,0,0,0
2021-08-06 23:30,52,21,31,0,0,0
2021-08-06 23:45,38,11,27,0,0,0
2021-08-07 00:00,27,10,17,0,0,0
2021-08-07 00:15,32,16,16,0,0,0
2021-08-07 00:30,42,14,28,0,0,0
2021-08-07 00:45,50,23,27,0,0,0
2021-08-07 01:00,27,13,14,0,0,0
2021-08-07 01:15,31,6,25,0,0,0
2021-08-07 01:30,26,14,12,0,0,0
2021-08-07 01:45,28,11,17,0,0,0
2021-08-07 02:00,19,4,15,0,0,0
2021-08-07 02:15,21,9,12,0,0,0
2021-08-07 02:30,15,5,10,0,0,0
2021-08-07 02:45,23,9,14,0,0,0
2021-08-07 03:00,16,5,11,0,0,0
2021-08-07 03:15,19,4,15,0,0,0
2021-08-07 03:30,8,0,8,0,0,0
2021-08-07 03:45,5,3,2,0,0,0
2021-08-07 04:00,9,0,9,0,0,0
2021-08-07 04:15,10,4,6,0,0,0
2021-08-07 04:30,6,2,4,0,0,0
2021-08-07 04:45,16,5,11,0,0,0
2021-08-07 05:00,11,2,9,0,0,0
2021-08-07 05:15,13,1,12,0,0,0
2021-08-07 05:30,17,3,14,0,0,0
2021-08-07 05:45,9,4,5,0,0,0
2021-08-07 06:00,14,5,9,0,0,0
2021-08-07 06:15,17,3,14,0,0,0
2021-08-07 06:30,9,5,4,0,0,0
2021-08-07 06:45,14,10,4,0,0,0
2021-08-07 07:00,14,8,6,0,0,0
2021-08-07 07:15,10,6,4,0,0,0
2021-08-07 07:30,16,7,9,0,0,0
2021-08-07 07:45,31,12,19,0,0,0
2021-08-07 08:00,17,6,11,0,0,0
2021-08-07 08:15,30,10,20,0,0,0
2021-08-07 08:30,37,16,21,0,0,0
2021-08-07 08:45,50,19,31,0,0,0
2021-08-07 09:00,36,16,20,0,0,0
2021-08-07 09:15,51,23,28,0,0,0
2021-08-07 09:30,50,8,42,0,0,0
2021-08-07 09:45,54,23,31,0,0,0
2021-08-07 10:00,56,22,34,0,0,0
2021-08-07 10:15,58,21,37,0,0,0
2021-08-07 10:30,52,22,30,0,0,0
2021-08-07 10:45,58,25,33,0,0,0
2021-08-07 11:00,78,35,43,0,0,0
2021-08-07 11:15,48,23,25,0,0,0
2021-08-07 11:30,80,33,47,0,0,0
2021-08-07 11:45,78,27,51,0,0,0
2021-08-07 12:00,95,38,57,0,0,0
2021-08-07 12:15,98,30,68,0,0,0
2021-08-07 12:30,79,28,51,0,0,0
2021-08-07 12:45,90,32,58,0,0,0
2021-08-07 13:00,74,32,42,0,0,0
2021-08-07 13:15,98,53,45,0,0,0
2021-08-07 13:30,87,35,52,0,0,0
2021-08-07 13:45,143,59,84,0,0,0
2021-08-07 14:00,94,49,45,0,0,0
2021-08-07 14:15,93,37,56,0,0,0
2021-08-07 14:30,87,44,43,0,0,0
2021-08-07 14:45,104,55,49,0,0,0
2021-08-07 15:00,104,44,60,0,0,0
2021-08-07 15:15,77,53,24,0,0,0
2021-08-07 15:30,85,34,51,0,0,0
2021-08-07 15:45,79,34,45,0,0,0
2021-08-07 16:00,101,54,47,0,0,0
2021-08-07 16:15,107,63,44,0,0,0
2021-08-07 16:30,111,62,49,0,0,0
2021-08-07 16:45,87,42,45,0,0,0
2021-08-07 17:00,79,36,43,0,0,0
2021-08-07 17:15,118,56,62,0,0,0
2021-08-07 17:30,101,50,51,0,0,0
2021-08-07 17:45,125,64,61,0,0,0
2021-08-07 18:00,121,67,54,0,0,0
2021-08-07 18:15,97,52,45,0,0,0
2021-08-07 18:30,84,45,39,0,0,0
2021-08-07 18:45,94,37,57,0,0,0
2021-08-07 19:00,99,43,56,0,0,0
2021-08-07 19:15,85,30,55,0,0,0
2021-08-07 19:30,98,42,56,0,0,0
2021-08-07 19:45,95,44,51,0,0,0
2021-08-07 20:00,88,37,51,0,0,0
2021-08-07 20:15,94,37,57,0,0,0
2021-08-07 20:30,72,28,44,0,0,0
2021-08-07 20:45,67,23,44,0,0,0
2021-08-07 21:00,51,30,21,0,0,0
2021-08-07 21:15,61,23,38,0,0,0
2021-08-07 21:30,50,22,28,0,0,0
2021-08-07 21:45,45,15,30,0,0,0
2021-08-07 22:00,47,18,29,0,0,0
2021-08-07 22:15,59,22,37,0,0,0
2021-08-07 22:30,52,21,31,0,0,0
2021-08-07 22:45,35,19,16,0,0,0
2021-08-07 23:00,48,33,15,0,0,0
2021-08-07 23:15,48,25,23,0,0,0
2021-08-07 23:30,32,17,15,0,0,0
2021-08-07 23:45,42,16,26,0,0,0
2021-08-08 00:00,25,8,17,0,0,0
2021-08-08 00:15,28,19,9,0,0,0
2021-08-08 00:30,34,10,24,0,0,0
2021-08-08 00:45,29,13,16,0,0,0
2021-08-08 01:00,29,10,19,0,0,0
2021-08-08 01:15,20,10,10,0,0,0
2021-08-08 01:30,38,13,25,0,0,0
2021-08-08 01:45,23,10,13,0,0,0
2021-08-08 02:00,39,13,26,0,0,0
2021-08-08 02:15,16,2,14,0,0,0
2021-08-08 02:30,12,3,9,0,0,0
2021-08-08 02:45,19,4,15,0,0,0
2021-08-08 03:00,17,11,6,0,0,0
2021-08-08 03:15,23,9,14,0,0,0
2021-08-08 03:30,11,2,9,0,0,0
2021-08-08 03:45,11,1,10,0,0,0
2021-08-08 04:00,12,3,9,0,0,0
2021-08-08 04:15,6,1,5,0,0,0
2021-08-08 04:30,14,3,11,0,0,0
2021-08-08 04:45,14,1,13,0,0,0
2021-08-08 05:00,3,0,3,0,0,0
2021-08-08 05:15,5,1,4,0,0,0
2021-08-08 05:30,9,2,7,0,0,0
2021-08-08 05:45,3,1,2,0,0,0
2021-08-08 06:00,2,1,1,0,0,0
2021-08-08 06:15,8,2,6,0,0,0
2021-08-08 06:30,14,7,7,0,0,0
2021-08-08 06:45,9,5,4,0,0,0
2021-08-08 07:00,12,3,9,0,0,0
2021-08-08 07:15,4,2,2,0,0,0
2021-08-08 07:30,11,1,10,0,0,0
2021-08-08 07:45,7,1,6,0,0,0
2021-08-08 08:00,2,1,1,0,0,0
2021-08-08 08:15,13,4,9,0,0,0
2021-08-08 08:30,10,4,6,0,0,0
2021-08-08 08:45,16,6,10,0,0,0
2021-08-08 09:00,24,10,14,0,0,0
2021-08-08 09:15,17,8,9,0,0,0
2021-08-08 09:30,32,15,17,0,0,0
2021-08-08 09:45,35,17,18,0,0,0
2021-08-08 10:00,33,13,20,0,0,0
2021-08-08 10:15,34,11,23,0,0,0
2021-08-08 10:30,42,12,30,0,0,0
2021-08-08 10:45,61,15,46,0,0,0
2021-08-08 11:00,52,17,35,0,0,0
2021-08-08 11:15,55,25,30,0,0,0
2021-08-08 11:30,68,21,47,0,0,0
2021-08-08 11:45,79,36,43,0,0,0
2021-08-08 12:00,63,34,29,0,0,0
2021-08-08 12:15,51,25,26,0,0,0
2021-08-08 12:30,47,22,25,0,0,0
2021-08-08 12:45,67,39,28,0,0,0
2021-08-08 13:00,68,38,30,0,0,0
2021-08-08 13:15,58,27,31,0,0,0
2021-08-08 13:30,76,23,53,0,0,0
2021-08-08 13:45,75,35,40,0,0,0
2021-08-08 14:00,94,45,49,0,0,0
2021-08-08 14:15,93,42,51,0,0,0
2021-08-08 14:30,97,32,65,0,0,0
2021-08-08 14:45,110,45,65,0,0,0
2021-08-08 15:00,81,36,45,0,0,0
2021-08-08 15:15,63,26,37,0,0,0
2021-08-08 15:30,77,28,49,0,0,0
2021-08-08 15:45,82,39,43,0,0,0
2021-08-08 16:00,78,36,42,0,0,0
2021-08-08 16:15,96,45,51,0,0,0
2021-08-08 16:30,96,46,50,0,0,0
2021-08-08 16:45,76,39,37,0,0,0
2021-08-08 17:00,72,24,48,0,0,0
2021-08-08 17:15,88,27,61,0,0,0
2021-08-08 17:30,93,35,58,0,0,0
2021-08-08 17:45,107,54,53,0,0,0
2021-08-08 18:00,84,33,51,0,0,0
2021-08-08 18:15,70,29,41,0,0,0
2021-08-08 18:30,81,37,44,0,0,0
2021-08-08 18:45,78,30,48,0,0,0
2021-08-08 19:00,43,19,24,0,0,0
2021-08-08 19:15,46,20,26,0,0,0
2021-08-08 19:30,64,30,34,0,0,0
2021-08-08 19:45,60,26,34,0,0,0
2021-08-08 20:00,68,33,35,0,0,0
2021-08-08 20:15,66,24,42,0,0,0
2021-08-08 20:30,51,20,31,0,0,0
2021-08-08 20:45,48,17,31,0,0,0
2021-08-08 21:00,43,21,22,0,0,0
2021-08-08 21:15,56,23,33,0,0,0
2021-08-08 21:30,53,21,32,0,0,0
2021-08-08 21:45,47,20,27,0,0,0
2021-08-08 22:00,35,7,28,0,0,0
2021-08-08 22:15,29,10,19,0,0,0
2021-08-08 22:30,53,12,41,0,0,0
2021-08-08 22:45,33,8,25,0,0,0
2021-08-08 23:00,17,7,10,0,0,0
2021-08-08 23:15,25,8,17,0,0,0
2021-08-08 23:30,17,4,13,0,0,0
2021-08-08 23:45,12,4,8,0,0,0
2021-08-09 00:00,8,1,7,0,0,0
2021-08-09 00:15,9,3,6,0,0,0
2021-08-09 00:30,6,3,3,0,0,0
2021-08-09 00:45,2,0,2,0,0,0
2021-08-09 01:00,4,2,2,0,0,0
2021-08-09 01:15,9,3,6,0,0,0
2021-08-09 01:30,2,1,1,0,0,0
2021-08-09 01:45,3,1,2,0,0,0
2021-08-09 02:00,4,0,4,0,0,0
2021-08-09 02:15,4,4,0,0,0,0
2021-08-09 02:30,2,1,1,0,0,0
2021-08-09 02:45,1,1,0,0,0,0
2021-08-09 03:00,0,0,0,0,0,0
2021-08-09 03:15,0,0,0,0,0,0
2021-08-09 03:30,6,3,3,0,0,0
2021-08-09 03:45,5,1,4,0,0,0
2021-08-09 04:00,1,1,0,0,0,0
2021-08-09 04:15,2,1,1,0,0,0
2021-08-09 04:30,3,1,2,0,0,0
2021-08-09 04:45,8,2,6,0,0,0
2021-08-09 05:00,5,3,2,0,0,0
2021-08-09 05:15,9,5,4,0,0,0
2021-08-09 05:30,10,4,6,0,0,0
2021-08-09 05:45,15,4,11,0,0,0
2021-08-09 06:00,13,2,11,0,0,0
2021-08-09 06:15,43,16,27,0,0,0
2021-08-09 06:30,50,20,30,0,0,0
2021-08-09 06:45,70,39,31,0,0,0
2021-08-09 07:00,78,41,37,0,0,0
2021-08-09 07:15,93,46,47,0,0,0
2021-08-09 07:30,111,52,59,0,0,0
2021-08-09 07:45,115,64,51,0,0,0
2021-08-09 08:00,102,56,46,0,0,0
2021-08-09 08:15,105,67,38,0,0,0
2021-08-09 08:30,97,30,67,0,0,0
2021-08-09 08:45,141,74,67,0,0,0
2021-08-09 09:00,93,41,52,0,0,0
2021-08-09 09:15,80,35,45,0,0,0
2021-08-09 09:30,67,26,41,0,0,0
2021-08-09 09:45,85,32,53,0,0,0
2021-08-09 10:00,50,23,27,0,0,0
2021-08-09 10:15,65,25,40,0,0,0
2021-08-09 10:30,74,33,41,0,0,0
2021-08-09 10:45,83,32,51,0,0,0
2021-08-09 11:00,72,24,48,0,0,0
2021-08-09 11:15,82,29,53,0,0,0
2021-08-09 11:30,87,47,40,0,0,0
2021-08-09 11:45,90,36,54,0,0,0
2021-08-09 12:00,92,48,44,0,0,0
2021-08-09 12:15,77,35,42,0,0,0
2021-08-09 12:30,97,44,53,0,0,0
2021-08-09 12:45,101,50,51,0,0,0
2021-08-09 13:00,109,55,54,0,0,0
2021-08-09 13:15,98,55,43,0,0,0
2021-08-09 13:30,104,59,45,0,0,0
2021-08-09 13:45,100,49,51,0,0,0
2021-08-09 14:00,108,54,54,0,0,0
2021-08-09 14:15,100,48,52,0,0,0
2021-08-09 14:30,104,48,56,0,0,0
2021-08-09 14:45,119,52,67,0,0,0
2021-08-09 15:00,89,40,49,0,0,0
2021-08-09 15:15,112,47,65,0,0,0
2021-08-09 15:30,125,53,72,0,0,0
2021-08-09 15:45,166,72,94,0,0,0
2021-08-09 16:00,125,55,70,0,0,0
2021-08-09 16:15,135,49,86,0,0,0
2021-08-09 16:30,145,69,76,0,0,0
2021-08-09 16:45,154,58,96,0,0,0
2021-08-09 17:00,141,64,77,0,0,0
2021-08-09 17:15,185,73,112,0,0,0
2021-08-09 17:30,160,58,102,0,0,0
2021-08-09 17:45,132,55,77,0,0,0
2021-08-09 18:00,148,62,86,0,0,0
2021-08-09 18:15,126,68,58,0,0,0
2021-08-09 18:30,125,53,72,0,0,0
2021-08-09 18:45,131,66,65,0,0,0
2021-08-09 19:00,113,67,46,0,0,0
2021-08-09 19:15,114,50,64,0,0,0
2021-08-09 19:30,93,40,53,0,0,0
2021-08-09 19:45,114,54,60,0,0,0
2021-08-09 20:00,99,40,59,0,0,0
2021-08-09 20:15,92,40,52,0,0,0
2021-08-09 20:30,70,27,43,0,0,0
2021-08-09 20:45,63,37,26,0,0,0
2021-08-09 21:00,73,21,52,0,0,0
2021-08-09 21:15,58,22,36,0,0,0
2021-08-09 21:30,52,17,35,0,0,0
2021-08-09 21:45,39,22,17,0,0,0
2021-08-09 22:00,42,15,27,0,0,0
2021-08-09 22:15,53,17,36,0,0,0
2021-08-09 22:30,48,9,39,0,0,0
2021-08-09 22:45,35,8,27,0,0,0
2021-08-09 23:00,32,4,28,0,0,0
2021-08-09 23:15,35,11,24,0,0,0
2021-08-09 23:30,15,5,10,0,0,0
2021-08-09 23:45,22,7,15,0,0,0
