Datetime,100031300 (HafenstraÃŸe),101031300 (Channel 1 IN),102031300 (Channel 2 OUT),100031300-status,101031300-status,102031300-status
2022-03-01 00:00,7,3,4,0,0,0
2022-03-01 00:15,7,0,7,0,0,0
2022-03-01 00:30,11,7,4,0,0,0
2022-03-01 00:45,9,4,5,0,0,0
2022-03-01 01:00,2,2,0,0,0,0
2022-03-01 01:15,4,1,3,0,0,0
2022-03-01 01:30,3,1,2,0,0,0
2022-03-01 01:45,4,2,2,0,0,0
2022-03-01 02:00,3,0,3,0,0,0
2022-03-01 02:15,4,3,1,0,0,0
2022-03-01 02:30,9,5,4,0,0,0
2022-03-01 02:45,1,1,0,0,0,0
2022-03-01 03:00,0,0,0,0,0,0
2022-03-01 03:15,1,1,0,0,0,0
2022-03-01 03:30,1,0,1,0,0,0
2022-03-01 03:45,6,0,6,0,0,0
2022-03-01 04:00,2,0,2,0,0,0
2022-03-01 04:15,6,2,4,0,0,0
2022-03-01 04:30,2,1,1,0,0,0
2022-03-01 04:45,6,1,5,0,0,0
2022-03-01 05:00,1,1,0,0,0,0
2022-03-01 05:15,4,2,2,0,0,0
2022-03-01 05:30,10,5,5,0,0,0
2022-03-01 05:45,19,10,9,0,0,0
2022-03-01 06:00,30,17,13,0,0,0
2022-03-01 06:15,29,13,16,0,0,0
2022-03-01 06:30,38,16,22,0,0,0
2022-03-01 06:45,52,31,21,0,0,0
2022-03-01 07:00,79,48,31,0,0,0
2022-03-01 07:15,85,45,40,0,0,0
2022-03-01 07:30,107,59,48,0,0,0
2022-03-01 07:45,106,61,45,0,0,0
2022-03-01 08:00,108,51,57,0,0,0
2022-03-01 08:15,125,65,60,0,0,0
2022-03-01 08:30,108,53,55,0,0,0
2022-03-01 08:45,117,53,64,0,0,0
2022-03-01 09:00,88,44,44,0,0,0
2022-03-01 09:15,81,33,48,0,0,0
2022-03-01 09:30,71,28,43,0,0,0
2022-03-01 09:45,89,40,49,0,0,0
2022-03-01 10:00,74,33,41,0,0,0
2022-03-01 10:15,70,38,32,0,0,0
2022-03-01 10:30,73,38,35,0,0,0
2022-03-01 10:45,73,38,35,0,0,0
2022-03-01 11:00,64,26,38,0,0,0
2022-03-01 11:15,66,25,41,0,0,0
2022-03-01 11:30,71,26,45,0,0,0
2022-03-01 11:45,83,43,40,0,0,0
2022-03-01 12:00,96,44,52,0,0,0
2022-03-01 12:15,103,34,69,0,0,0
2022-03-01 12:30,86,41,45,0,0,0
2022-03-01 12:45,98,30,68,0,0,0
2022-03-01 13:00,102,47,55,0,0,0
2022-03-01 13:15,82,41,41,0,0,0
2022-03-01 13:30,83,37,46,0,0,0
2022-03-01 13:45,101,50,51,0,0,0
2022-03-01 14:00,89,47,42,0,0,0
2022-03-01 14:15,90,45,45,0,0,0
2022-03-01 14:30,117,63,54,0,0,0
2022-03-01 14:45,131,54,77,0,0,0
2022-03-01 15:00,107,55,52,0,0,0
2022-03-01 15:15,105,40,65,0,0,0
2022-03-01 15:30,139,39,100,0,0,0
2022-03-01 15:45,115,56,59,0,0,0
2022-03-01 16:00,128,57,71,0,0,0
2022-03-01 16:15,127,47,80,0,0,0
2022-03-01 16:30,117,48,69,0,0,0
2022-03-01 16:45,127,63,64,0,0,0
2022-03-01 17:00,145,78,67,0,0,0
2022-03-01 17:15,146,70,76,0,0,0
2022-03-01 17:30,146,67,79,0,0,0
2022-03-01 17:45,182,98,84,0,0,0
2022-03-01 18:00,160,83,77,0,0,0
2022-03-01 18:15,121,53,68,0,0,0
2022-03-01 18:30,120,59,61,0,0,0
2022-03-01 18:45,121,60,61,0,0,0
2022-03-01 19:00,126,76,50,0,0,0
2022-03-01 19:15,115,65,50,0,0,0
2022-03-01 19:30,98,52,46,0,0,0
2022-03-01 19:45,93,46,47,0,0,0
2022-03-01 20:00,86,40,46,0,0,0
2022-03-01 20:15,74,25,49,0,0,0
2022-03-01 20:30,56,17,39,0,0,0
2022-03-01 20:45,55,29,26,0,0,0
2022-03-01 21:00,53,18,35,0,0,0
2022-03-01 21:15,42,12,30,0,0,0
2022-03-01 21:30,51,21,30,0,0,0
2022-03-01 21:45,39,6,33,0,0,0
2022-03-01 22:00,44,12,32,0,0,0
2022-03-01 22:15,37,14,23,0,0,0
2022-03-01 22:30,50,15,35,0,0,0
2022-03-01 22:45,19,2,17,0,0,0
2022-03-01 23:00,15,8,7,0,0,0
2022-03-01 23:15,21,5,16,0,0,0
2022-03-01 23:30,15,4,11,0,0,0
2022-03-01 23:45,13,5,8,0,0,0
2022-03-02 00:00,7,2,5,0,0,0
2022-03-02 00:15,13,6,7,0,0,0
2022-03-02 00:30,9,5,4,0,0,0
2022-03-02 00:45,6,3,3,0,0,0
2022-03-02 01:00,2,1,1,0,0,0
2022-03-02 01:15,2,2,0,0,0,0
2022-03-02 01:30,1,0,1,0,0,0
2022-03-02 01:45,7,5,2,0,0,0
2022-03-02 02:00,2,2,0,0,0,0
2022-03-02 02:15,5,0,5,0,0,0
2022-03-02 02:30,1,0,1,0,0,0
2022-03-02 02:45,1,0,1,0,0,0
2022-03-02 03:00,0,0,0,0,0,0
2022-03-02 03:15,2,0,2,0,0,0
2022-03-02 03:30,1,0,1,0,0,0
2022-03-02 03:45,0,0,0,0,0,0
2022-03-02 04:00,1,0,1,0,0,0
2022-03-02 04:15,1,1,0,0,0,0
2022-03-02 04:30,3,2,1,0,0,0
2022-03-02 04:45,8,0,8,0,0,0
2022-03-02 05:00,5,2,3,0,0,0
2022-03-02 05:15,5,2,3,0,0,0
2022-03-02 05:30,10,5,5,0,0,0
2022-03-02 05:45,21,11,10,0,0,0
2022-03-02 06:00,24,8,16,0,0,0
2022-03-02 06:15,31,15,16,0,0,0
2022-03-02 06:30,34,23,11,0,0,0
2022-03-02 06:45,65,32,33,0,0,0
2022-03-02 07:00,79,44,35,0,0,0
2022-03-02 07:15,114,60,54,0,0,0
2022-03-02 07:30,134,59,75,0,0,0
2022-03-02 07:45,137,77,60,0,0,0
2022-03-02 08:00,113,59,54,0,0,0
2022-03-02 08:15,131,69,62,0,0,0
2022-03-02 08:30,119,66,53,0,0,0
2022-03-02 08:45,114,58,56,0,0,0
2022-03-02 09:00,91,31,60,0,0,0
2022-03-02 09:15,86,36,50,0,0,0
2022-03-02 09:30,71,28,43,0,0,0
2022-03-02 09:45,94,34,60,0,0,0
2022-03-02 10:00,76,31,45,0,0,0
2022-03-02 10:15,71,25,46,0,0,0
2022-03-02 10:30,61,24,37,0,0,0
2022-03-02 10:45,92,44,48,0,0,0
2022-03-02 11:00,85,44,41,0,0,0
2022-03-02 11:15,85,38,47,0,0,0
2022-03-02 11:30,79,28,51,0,0,0
2022-03-02 11:45,104,47,57,0,0,0
2022-03-02 12:00,90,31,59,0,0,0
2022-03-02 12:15,137,60,77,0,0,0
2022-03-02 12:30,112,56,56,0,0,0
2022-03-02 12:45,114,58,56,0,0,0
2022-03-02 13:00,130,60,70,0,0,0
2022-03-02 13:15,110,52,58,0,0,0
2022-03-02 13:30,59,38,21,0,0,0
2022-03-02 13:45,140,61,79,0,0,0
2022-03-02 14:00,132,70,62,0,0,0
2022-03-02 14:15,124,70,54,0,0,0
2022-03-02 14:30,123,66,57,0,0,0
2022-03-02 14:45,126,58,68,0,0,0
2022-03-02 15:00,93,39,54,0,0,0
2022-03-02 15:15,124,61,63,0,0,0
2022-03-02 15:30,129,62,67,0,0,0
2022-03-02 15:45,141,79,62,0,0,0
2022-03-02 16:00,122,54,68,0,0,0
2022-03-02 16:15,147,83,64,0,0,0
2022-03-02 16:30,150,77,73,0,0,0
2022-03-02 16:45,150,80,70,0,0,0
2022-03-02 17:00,142,62,80,0,0,0
2022-03-02 17:15,173,76,97,0,0,0
2022-03-02 17:30,151,73,78,0,0,0
2022-03-02 17:45,170,80,90,0,0,0
2022-03-02 18:00,144,69,75,0,0,0
2022-03-02 18:15,162,94,68,0,0,0
2022-03-02 18:30,117,47,70,0,0,0
2022-03-02 18:45,137,83,54,0,0,0
2022-03-02 19:00,104,60,44,0,0,0
2022-03-02 19:15,100,50,50,0,0,0
2022-03-02 19:30,87,55,32,0,0,0
2022-03-02 19:45,104,70,34,0,0,0
2022-03-02 20:00,85,46,39,0,0,0
2022-03-02 20:15,55,19,36,0,0,0
2022-03-02 20:30,37,16,21,0,0,0
2022-03-02 20:45,50,20,30,0,0,0
2022-03-02 21:00,52,25,27,0,0,0
2022-03-02 21:15,34,20,14,0,0,0
2022-03-02 21:30,47,21,26,0,0,0
2022-03-02 21:45,33,18,15,0,0,0
2022-03-02 22:00,42,18,24,0,0,0
2022-03-02 22:15,50,11,39,0,0,0
2022-03-02 22:30,55,11,44,0,0,0
2022-03-02 22:45,32,11,21,0,0,0
2022-03-02 23:00,24,5,19,0,0,0
2022-03-02 23:15,26,8,18,0,0,0
2022-03-02 23:30,25,8,17,0,0,0
2022-03-02 23:45,15,5,10,0,0,0
2022-03-03 00:00,12,5,7,0,0,0
2022-03-03 00:15,6,3,3,0,0,0
2022-03-03 00:30,8,5,3,0,0,0
2022-03-03 00:45,3,2,1,0,0,0
2022-03-03 01:00,5,3,2,0,0,0
2022-03-03 01:15,3,2,1,0,0,0
2022-03-03 01:30,2,2,0,0,0,0
2022-03-03 01:45,3,0,3,0,0,0
2022-03-03 02:00,2,1,1,0,0,0
2022-03-03 02:15,2,0,2,0,0,0
2022-03-03 02:30,2,0,2,0,0,0
2022-03-03 02:45,3,3,0,0,0,0
2022-03-03 03:00,0,0,0,0,0,0
2022-03-03 03:15,2,2,0,0,0,0
2022-03-03 03:30,0,0,0,0,0,0
2022-03-03 03:45,6,1,5,0,0,0
2022-03-03 04:00,1,1,0,0,0,0
2022-03-03 04:15,1,1,0,0,0,0
2022-03-03 04:30,3,0,3,0,0,0
2022-03-03 04:45,5,0,5,0,0,0
2022-03-03 05:00,4,1,3,0,0,0
2022-03-03 05:15,8,7,1,0,0,0
2022-03-03 05:30,17,7,10,0,0,0
2022-03-03 05:45,24,12,12,0,0,0
2022-03-03 06:00,16,10,6,0,0,0
2022-03-03 06:15,40,12,28,0,0,0
2022-03-03 06:30,43,16,27,0,0,0
2022-03-03 06:45,67,41,26,0,0,0
2022-03-03 07:00,78,37,41,0,0,0
2022-03-03 07:15,102,40,62,0,0,0
2022-03-03 07:30,132,63,69,0,0,0
2022-03-03 07:45,132,77,55,0,0,0
2022-03-03 08:00,128,69,59,0,0,0
2022-03-03 08:15,109,48,61,0,0,0
2022-03-03 08:30,107,57,50,0,0,0
2022-03-03 08:45,136,74,62,0,0,0
2022-03-03 09:00,80,30,50,0,0,0
2022-03-03 09:15,91,34,57,0,0,0
2022-03-03 09:30,74,34,40,0,0,0
2022-03-03 09:45,89,37,52,0,0,0
2022-03-03 10:00,86,31,55,0,0,0
2022-03-03 10:15,81,38,43,0,0,0
2022-03-03 10:30,60,21,39,0,0,0
2022-03-03 10:45,77,38,39,0,0,0
2022-03-03 11:00,77,33,44,0,0,0
2022-03-03 11:15,75,36,39,0,0,0
2022-03-03 11:30,80,32,48,0,0,0
2022-03-03 11:45,92,35,57,0,0,0
2022-03-03 12:00,102,52,50,0,0,0
2022-03-03 12:15,107,47,60,0,0,0
2022-03-03 12:30,113,44,69,0,0,0
2022-03-03 12:45,124,52,72,0,0,0
2022-03-03 13:00,108,47,61,0,0,0
2022-03-03 13:15,102,50,52,0,0,0
2022-03-03 13:30,106,54,52,0,0,0
2022-03-03 13:45,114,62,52,0,0,0
2022-03-03 14:00,125,73,52,0,0,0
2022-03-03 14:15,137,75,62,0,0,0
2022-03-03 14:30,109,57,52,0,0,0
2022-03-03 14:45,131,56,75,0,0,0
2022-03-03 15:00,119,64,55,0,0,0
2022-03-03 15:15,135,70,65,0,0,0
2022-03-03 15:30,127,59,68,0,0,0
2022-03-03 15:45,138,66,72,0,0,0
2022-03-03 16:00,141,67,74,0,0,0
2022-03-03 16:15,135,75,60,0,0,0
2022-03-03 16:30,143,61,82,0,0,0
2022-03-03 16:45,151,68,83,0,0,0
2022-03-03 17:00,142,58,84,0,0,0
2022-03-03 17:15,139,71,68,0,0,0
2022-03-03 17:30,155,77,78,0,0,0
2022-03-03 17:45,163,77,86,0,0,0
2022-03-03 18:00,145,65,80,0,0,0
2022-03-03 18:15,175,84,91,0,0,0
2022-03-03 18:30,135,70,65,0,0,0
2022-03-03 18:45,117,63,54,0,0,0
2022-03-03 19:00,129,72,57,0,0,0
2022-03-03 19:15,107,53,54,0,0,0
2022-03-03 19:30,80,37,43,0,0,0
2022-03-03 19:45,68,28,40,0,0,0
2022-03-03 20:00,90,44,46,0,0,0
2022-03-03 20:15,66,31,35,0,0,0
2022-03-03 20:30,52,20,32,0,0,0
2022-03-03 20:45,46,23,23,0,0,0
2022-03-03 21:00,50,22,28,0,0,0
2022-03-03 21:15,57,19,38,0,0,0
2022-03-03 21:30,41,20,21,0,0,0
2022-03-03 21:45,51,31,20,0,0,0
2022-03-03 22:00,43,21,22,0,0,0
2022-03-03 22:15,37,15,22,0,0,0
2022-03-03 22:30,36,12,24,0,0,0
2022-03-03 22:45,33,12,21,0,0,0
2022-03-03 23:00,42,13,29,0,0,0
2022-03-03 23:15,24,12,12,0,0,0
2022-03-03 23:30,24,10,14,0,0,0
2022-03-03 23:45,11,8,3,0,0,0
2022-03-04 00:00,22,7,15,0,0,0
2022-03-04 00:15,8,2,6,0,0,0
2022-03-04 00:30,9,1,8,0,0,0
2022-03-04 00:45,8,1,7,0,0,0
2022-03-04 01:00,2,0,2,0,0,0
2022-03-04 01:15,2,1,1,0,0,0
2022-03-04 01:30,6,0,6,0,0,0
2022-03-04 01:45,2,1,1,0,0,0
2022-03-04 02:00,7,2,5,0,0,0
2022-03-04 02:15,2,1,1,0,0,0
2022-03-04 02:30,6,0,6,0,0,0
2022-03-04 02:45,0,0,0,0,0,0
2022-03-04 03:00,1,1,0,0,0,0
2022-03-04 03:15,2,0,2,0,0,0
2022-03-04 03:30,1,0,1,0,0,0
2022-03-04 03:45,2,2,0,0,0,0
2022-03-04 04:00,1,1,0,0,0,0
2022-03-04 04:15,4,4,0,0,0,0
2022-03-04 04:30,4,2,2,0,0,0
2022-03-04 04:45,7,0,7,0,0,0
2022-03-04 05:00,4,2,2,0,0,0
2022-03-04 05:15,13,8,5,0,0,0
2022-03-04 05:30,11,9,2,0,0,0
2022-03-04 05:45,28,15,13,0,0,0
2022-03-04 06:00,16,6,10,0,0,0
2022-03-04 06:15,31,14,17,0,0,0
2022-03-04 06:30,41,16,25,0,0,0
2022-03-04 06:45,68,36,32,0,0,0
2022-03-04 07:00,72,36,36,0,0,0
2022-03-04 07:15,102,43,59,0,0,0
2022-03-04 07:30,136,70,66,0,0,0
2022-03-04 07:45,132,89,43,0,0,0
2022-03-04 08:00,92,56,36,0,0,0
2022-03-04 08:15,103,51,52,0,0,0
2022-03-04 08:30,122,51,71,0,0,0
2022-03-04 08:45,120,53,67,0,0,0
2022-03-04 09:00,86,32,54,0,0,0
2022-03-04 09:15,85,48,37,0,0,0
2022-03-04 09:30,68,27,41,0,0,0
2022-03-04 09:45,92,46,46,0,0,0
2022-03-04 10:00,74,30,44,0,0,0
2022-03-04 10:15,72,35,37,0,0,0
2022-03-04 10:30,85,32,53,0,0,0
2022-03-04 10:45,88,35,53,0,0,0
2022-03-04 11:00,76,27,49,0,0,0
2022-03-04 11:15,76,28,48,0,0,0
2022-03-04 11:30,68,30,38,0,0,0
2022-03-04 11:45,99,42,57,0,0,0
2022-03-04 12:00,83,41,42,0,0,0
2022-03-04 12:15,119,57,62,0,0,0
2022-03-04 12:30,117,54,63,0,0,0
2022-03-04 12:45,124,56,68,0,0,0
2022-03-04 13:00,111,52,59,0,0,0
2022-03-04 13:15,143,70,73,0,0,0
2022-03-04 13:30,102,43,59,0,0,0
2022-03-04 13:45,127,65,62,0,0,0
2022-03-04 14:00,111,48,63,0,0,0
2022-03-04 14:15,121,67,54,0,0,0
2022-03-04 14:30,142,49,93,0,0,0
2022-03-04 14:45,156,72,84,0,0,0
2022-03-04 15:00,145,73,72,0,0,0
2022-03-04 15:15,128,68,60,0,0,0
2022-03-04 15:30,127,59,68,0,0,0
2022-03-04 15:45,125,63,62,0,0,0
2022-03-04 16:00,139,66,73,0,0,0
2022-03-04 16:15,107,56,51,0,0,0
2022-03-04 16:30,105,51,54,0,0,0
2022-03-04 16:45,133,70,63,0,0,0
2022-03-04 17:00,97,43,54,0,0,0
2022-03-04 17:15,111,56,55,0,0,0
2022-03-04 17:30,111,46,65,0,0,0
2022-03-04 17:45,116,60,56,0,0,0
2022-03-04 18:00,96,43,53,0,0,0
2022-03-04 18:15,116,67,49,0,0,0
2022-03-04 18:30,105,49,56,0,0,0
2022-03-04 18:45,107,62,45,0,0,0
2022-03-04 19:00,122,69,53,0,0,0
2022-03-04 19:15,117,62,55,0,0,0
2022-03-04 19:30,80,40,40,0,0,0
2022-03-04 19:45,101,63,38,0,0,0
2022-03-04 20:00,89,49,40,0,0,0
2022-03-04 20:15,80,34,46,0,0,0
2022-03-04 20:30,55,24,31,0,0,0
2022-03-04 20:45,53,19,34,0,0,0
2022-03-04 21:00,38,18,20,0,0,0
2022-03-04 21:15,45,24,21,0,0,0
2022-03-04 21:30,44,21,23,0,0,0
2022-03-04 21:45,36,18,18,0,0,0
2022-03-04 22:00,36,15,21,0,0,0
2022-03-04 22:15,35,12,23,0,0,0
2022-03-04 22:30,64,23,41,0,0,0
2022-03-04 22:45,36,10,26,0,0,0
2022-03-04 23:00,44,23,21,0,0,0
2022-03-04 23:15,25,5,20,0,0,0
2022-03-04 23:30,35,24,11,0,0,0
2022-03-04 23:45,42,21,21,0,0,0
2022-03-05 00:00,39,16,23,0,0,0
2022-03-05 00:15,24,9,15,0,0,0
2022-03-05 00:30,22,12,10,0,0,0
2022-03-05 00:45,29,16,13,0,0,0
2022-03-05 01:00,26,18,8,0,0,0
2022-03-05 01:15,26,15,11,0,0,0
2022-03-05 01:30,15,4,11,0,0,0
2022-03-05 01:45,15,9,6,0,0,0
2022-03-05 02:00,8,4,4,0,0,0
2022-03-05 02:15,10,4,6,0,0,0
2022-03-05 02:30,5,2,3,0,0,0
2022-03-05 02:45,14,2,12,0,0,0
2022-03-05 03:00,13,5,8,0,0,0
2022-03-05 03:15,8,2,6,0,0,0
2022-03-05 03:30,8,1,7,0,0,0
2022-03-05 03:45,16,3,13,0,0,0
2022-03-05 04:00,8,0,8,0,0,0
2022-03-05 04:15,4,1,3,0,0,0
2022-03-05 04:30,13,3,10,0,0,0
2022-03-05 04:45,5,1,4,0,0,0
2022-03-05 05:00,2,1,1,0,0,0
2022-03-05 05:15,12,2,10,0,0,0
2022-03-05 05:30,18,2,16,0,0,0
2022-03-05 05:45,18,4,14,0,0,0
2022-03-05 06:00,15,2,13,0,0,0
2022-03-05 06:15,13,3,10,0,0,0
2022-03-05 06:30,11,4,7,0,0,0
2022-03-05 06:45,9,6,3,0,0,0
2022-03-05 07:00,11,7,4,0,0,0
2022-03-05 07:15,8,7,1,0,0,0
2022-03-05 07:30,17,3,14,0,0,0
2022-03-05 07:45,23,11,12,0,0,0
2022-03-05 08:00,18,6,12,0,0,0
2022-03-05 08:15,20,8,12,0,0,0
2022-03-05 08:30,22,10,12,0,0,0
2022-03-05 08:45,42,22,20,0,0,0
2022-03-05 09:00,26,7,19,0,0,0
2022-03-05 09:15,52,25,27,0,0,0
2022-03-05 09:30,58,30,28,0,0,0
2022-03-05 09:45,76,38,38,0,0,0
2022-03-05 10:00,68,29,39,0,0,0
2022-03-05 10:15,51,29,22,0,0,0
2022-03-05 10:30,64,20,44,0,0,0
2022-03-05 10:45,74,31,43,0,0,0
2022-03-05 11:00,68,33,35,0,0,0
2022-03-05 11:15,67,31,36,0,0,0
2022-03-05 11:30,79,29,50,0,0,0
2022-03-05 11:45,106,47,59,0,0,0
2022-03-05 12:00,97,47,50,0,0,0
2022-03-05 12:15,88,30,58,0,0,0
2022-03-05 12:30,79,37,42,0,0,0
2022-03-05 12:45,110,36,74,0,0,0
2022-03-05 13:00,117,45,72,0,0,0
2022-03-05 13:15,83,37,46,0,0,0
2022-03-05 13:30,85,33,52,0,0,0
2022-03-05 13:45,109,57,52,0,0,0
2022-03-05 14:00,122,57,65,0,0,0
2022-03-05 14:15,105,44,61,0,0,0
2022-03-05 14:30,113,58,55,0,0,0
2022-03-05 14:45,98,55,43,0,0,0
2022-03-05 15:00,117,64,53,0,0,0
2022-03-05 15:15,112,45,67,0,0,0
2022-03-05 15:30,100,51,49,0,0,0
2022-03-05 15:45,103,43,60,0,0,0
2022-03-05 16:00,100,48,52,0,0,0
2022-03-05 16:15,118,62,56,0,0,0
2022-03-05 16:30,88,37,51,0,0,0
2022-03-05 16:45,96,47,49,0,0,0
2022-03-05 17:00,74,29,45,0,0,0
2022-03-05 17:15,70,36,34,0,0,0
2022-03-05 17:30,69,33,36,0,0,0
2022-03-05 17:45,83,35,48,0,0,0
2022-03-05 18:00,82,35,47,0,0,0
2022-03-05 18:15,92,57,35,0,0,0
2022-03-05 18:30,73,48,25,0,0,0
2022-03-05 18:45,84,47,37,0,0,0
2022-03-05 19:00,80,40,40,0,0,0
2022-03-05 19:15,93,52,41,0,0,0
2022-03-05 19:30,73,31,42,0,0,0
2022-03-05 19:45,90,37,53,0,0,0
2022-03-05 20:00,82,43,39,0,0,0
2022-03-05 20:15,61,31,30,0,0,0
2022-03-05 20:30,59,28,31,0,0,0
2022-03-05 20:45,45,22,23,0,0,0
2022-03-05 21:00,32,14,18,0,0,0
2022-03-05 21:15,46,22,24,0,0,0
2022-03-05 21:30,30,9,21,0,0,0
2022-03-05 21:45,48,21,27,0,0,0
2022-03-05 22:00,35,16,19,0,0,0
2022-03-05 22:15,44,16,28,0,0,0
2022-03-05 22:30,54,12,42,0,0,0
2022-03-05 22:45,45,21,24,0,0,0
2022-03-05 23:00,31,17,14,0,0,0
2022-03-05 23:15,42,21,21,0,0,0
2022-03-05 23:30,30,10,20,0,0,0
2022-03-05 23:45,39,12,27,0,0,0
2022-03-06 00:00,42,15,27,0,0,0
2022-03-06 00:15,43,33,10,0,0,0
2022-03-06 00:30,38,16,22,0,0,0
2022-03-06 00:45,16,8,8,0,0,0
2022-03-06 01:00,47,23,24,0,0,0
2022-03-06 01:15,35,18,17,0,0,0
2022-03-06 01:30,31,10,21,0,0,0
2022-03-06 01:45,12,4,8,0,0,0
2022-03-06 02:00,8,5,3,0,0,0
2022-03-06 02:15,18,6,12,0,0,0
2022-03-06 02:30,16,6,10,0,0,0
2022-03-06 02:45,14,5,9,0,0,0
2022-03-06 03:00,21,4,17,0,0,0
2022-03-06 03:15,16,1,15,0,0,0
2022-03-06 03:30,13,3,10,0,0,0
2022-03-06 03:45,14,7,7,0,0,0
2022-03-06 04:00,16,1,15,0,0,0
2022-03-06 04:15,16,4,12,0,0,0
2022-03-06 04:30,18,0,18,0,0,0
2022-03-06 04:45,18,2,16,0,0,0
2022-03-06 05:00,5,1,4,0,0,0
2022-03-06 05:15,12,0,12,0,0,0
2022-03-06 05:30,16,1,15,0,0,0
2022-03-06 05:45,15,0,15,0,0,0
2022-03-06 06:00,10,1,9,0,0,0
2022-03-06 06:15,15,3,12,0,0,0
2022-03-06 06:30,3,1,2,0,0,0
2022-03-06 06:45,10,2,8,0,0,0
2022-03-06 07:00,7,3,4,0,0,0
2022-03-06 07:15,8,2,6,0,0,0
2022-03-06 07:30,13,3,10,0,0,0
2022-03-06 07:45,12,8,4,0,0,0
2022-03-06 08:00,10,5,5,0,0,0
2022-03-06 08:15,7,3,4,0,0,0
2022-03-06 08:30,22,14,8,0,0,0
2022-03-06 08:45,18,7,11,0,0,0
2022-03-06 09:00,25,8,17,0,0,0
2022-03-06 09:15,23,7,16,0,0,0
2022-03-06 09:30,29,14,15,0,0,0
2022-03-06 09:45,35,26,9,0,0,0
2022-03-06 10:00,39,15,24,0,0,0
2022-03-06 10:15,30,16,14,0,0,0
2022-03-06 10:30,33,15,18,0,0,0
2022-03-06 10:45,31,15,16,0,0,0
2022-03-06 11:00,40,21,19,0,0,0
2022-03-06 11:15,57,22,35,0,0,0
2022-03-06 11:30,58,21,37,0,0,0
2022-03-06 11:45,38,18,20,0,0,0
2022-03-06 12:00,55,24,31,0,0,0
2022-03-06 12:15,54,14,40,0,0,0
2022-03-06 12:30,74,34,40,0,0,0
2022-03-06 12:45,64,27,37,0,0,0
2022-03-06 13:00,76,33,43,0,0,0
2022-03-06 13:15,64,17,47,0,0,0
2022-03-06 13:30,88,38,50,0,0,0
2022-03-06 13:45,76,34,42,0,0,0
2022-03-06 14:00,61,33,28,0,0,0
2022-03-06 14:15,84,36,48,0,0,0
2022-03-06 14:30,86,37,49,0,0,0
2022-03-06 14:45,82,34,48,0,0,0
2022-03-06 15:00,88,29,59,0,0,0
2022-03-06 15:15,72,42,30,0,0,0
2022-03-06 15:30,67,24,43,0,0,0
2022-03-06 15:45,78,31,47,0,0,0
2022-03-06 16:00,68,32,36,0,0,0
2022-03-06 16:15,74,41,33,0,0,0
2022-03-06 16:30,57,23,34,0,0,0
2022-03-06 16:45,79,39,40,0,0,0
2022-03-06 17:00,82,43,39,0,0,0
2022-03-06 17:15,66,24,42,0,0,0
2022-03-06 17:30,53,18,35,0,0,0
2022-03-06 17:45,78,33,45,0,0,0
2022-03-06 18:00,60,24,36,0,0,0
2022-03-06 18:15,67,24,43,0,0,0
2022-03-06 18:30,55,23,32,0,0,0
2022-03-06 18:45,46,23,23,0,0,0
2022-03-06 19:00,78,28,50,0,0,0
2022-03-06 19:15,54,23,31,0,0,0
2022-03-06 19:30,45,18,27,0,0,0
2022-03-06 19:45,61,28,33,0,0,0
2022-03-06 20:00,53,13,40,0,0,0
2022-03-06 20:15,52,17,35,0,0,0
2022-03-06 20:30,31,12,19,0,0,0
2022-03-06 20:45,20,8,12,0,0,0
2022-03-06 21:00,27,5,22,0,0,0
2022-03-06 21:15,29,12,17,0,0,0
2022-03-06 21:30,28,13,15,0,0,0
2022-03-06 21:45,13,3,10,0,0,0
2022-03-06 22:00,20,11,9,0,0,0
2022-03-06 22:15,28,6,22,0,0,0
2022-03-06 22:30,27,5,22,0,0,0
2022-03-06 22:45,11,3,8,0,0,0
2022-03-06 23:00,26,1,25,0,0,0
2022-03-06 23:15,14,8,6,0,0,0
2022-03-06 23:30,11,4,7,0,0,0
2022-03-06 23:45,8,2,6,0,0,0
2022-03-07 00:00,9,0,9,0,0,0
2022-03-07 00:15,6,1,5,0,0,0
2022-03-07 00:30,6,2,4,0,0,0
2022-03-07 00:45,1,1,0,0,0,0
2022-03-07 01:00,2,2,0,0,0,0
2022-03-07 01:15,0,0,0,0,0,0
2022-03-07 01:30,3,2,1,0,0,0
2022-03-07 01:45,3,1,2,0,0,0
2022-03-07 02:00,3,0,3,0,0,0
2022-03-07 02:15,0,0,0,0,0,0
2022-03-07 02:30,0,0,0,0,0,0
2022-03-07 02:45,0,0,0,0,0,0
2022-03-07 03:00,1,1,0,0,0,0
2022-03-07 03:15,1,1,0,0,0,0
2022-03-07 03:30,0,0,0,0,0,0
2022-03-07 03:45,2,1,1,0,0,0
2022-03-07 04:00,0,0,0,0,0,0
2022-03-07 04:15,4,1,3,0,0,0
2022-03-07 04:30,6,2,4,0,0,0
2022-03-07 04:45,7,0,7,0,0,0
2022-03-07 05:00,6,2,4,0,0,0
2022-03-07 05:15,5,3,2,0,0,0
2022-03-07 05:30,7,5,2,0,0,0
2022-03-07 05:45,13,9,4,0,0,0
2022-03-07 06:00,20,11,9,0,0,0
2022-03-07 06:15,35,10,25,0,0,0
2022-03-07 06:30,47,24,23,0,0,0
2022-03-07 06:45,60,31,29,0,0,0
2022-03-07 07:00,77,37,40,0,0,0
2022-03-07 07:15,101,47,54,0,0,0
2022-03-07 07:30,145,53,92,0,0,0
2022-03-07 07:45,135,88,47,0,0,0
2022-03-07 08:00,119,58,61,0,0,0
2022-03-07 08:15,118,54,64,0,0,0
2022-03-07 08:30,100,48,52,0,0,0
2022-03-07 08:45,101,48,53,0,0,0
2022-03-07 09:00,85,44,41,0,0,0
2022-03-07 09:15,89,33,56,0,0,0
2022-03-07 09:30,74,31,43,0,0,0
2022-03-07 09:45,64,30,34,0,0,0
2022-03-07 10:00,69,24,45,0,0,0
2022-03-07 10:15,85,42,43,0,0,0
2022-03-07 10:30,79,23,56,0,0,0
2022-03-07 10:45,72,30,42,0,0,0
2022-03-07 11:00,77,30,47,0,0,0
2022-03-07 11:15,60,24,36,0,0,0
2022-03-07 11:30,78,37,41,0,0,0
2022-03-07 11:45,101,52,49,0,0,0
2022-03-07 12:00,83,40,43,0,0,0
2022-03-07 12:15,75,34,41,0,0,0
2022-03-07 12:30,106,48,58,0,0,0
2022-03-07 12:45,94,47,47,0,0,0
2022-03-07 13:00,112,55,57,0,0,0
2022-03-07 13:15,104,58,46,0,0,0
2022-03-07 13:30,103,51,52,0,0,0
2022-03-07 13:45,126,59,67,0,0,0
2022-03-07 14:00,115,59,56,0,0,0
2022-03-07 14:15,89,46,43,0,0,0
2022-03-07 14:30,82,38,44,0,0,0
2022-03-07 14:45,144,73,71,0,0,0
2022-03-07 15:00,124,49,75,0,0,0
2022-03-07 15:15,116,56,60,0,0,0
2022-03-07 15:30,136,74,62,0,0,0
2022-03-07 15:45,115,60,55,0,0,0
2022-03-07 16:00,151,62,89,0,0,0
2022-03-07 16:15,143,72,71,0,0,0
2022-03-07 16:30,125,60,65,0,0,0
2022-03-07 16:45,138,65,73,0,0,0
2022-03-07 17:00,156,84,72,0,0,0
2022-03-07 17:15,140,83,57,0,0,0
2022-03-07 17:30,137,68,69,0,0,0
2022-03-07 17:45,139,70,69,0,0,0
2022-03-07 18:00,145,74,71,0,0,0
2022-03-07 18:15,134,67,67,0,0,0
2022-03-07 18:30,109,52,57,0,0,0
2022-03-07 18:45,87,50,37,0,0,0
2022-03-07 19:00,74,38,36,0,0,0
2022-03-07 19:15,112,56,56,0,0,0
2022-03-07 19:30,82,46,36,0,0,0
2022-03-07 19:45,76,32,44,0,0,0
2022-03-07 20:00,76,36,40,0,0,0
2022-03-07 20:15,68,33,35,0,0,0
2022-03-07 20:30,36,12,24,0,0,0
2022-03-07 20:45,26,13,13,0,0,0
2022-03-07 21:00,41,25,16,0,0,0
2022-03-07 21:15,47,25,22,0,0,0
2022-03-07 21:30,34,15,19,0,0,0
2022-03-07 21:45,38,18,20,0,0,0
2022-03-07 22:00,26,6,20,0,0,0
2022-03-07 22:15,26,5,21,0,0,0
2022-03-07 22:30,27,6,21,0,0,0
2022-03-07 22:45,22,8,14,0,0,0
2022-03-07 23:00,25,7,18,0,0,0
2022-03-07 23:15,17,1,16,0,0,0
2022-03-07 23:30,8,3,5,0,0,0
2022-03-07 23:45,19,2,17,0,0,0
2022-03-08 00:00,8,4,4,0,0,0
2022-03-08 00:15,6,1,5,0,0,0
2022-03-08 00:30,3,1,2,0,0,0
2022-03-08 00:45,1,1,0,0,0,0
2022-03-08 01:00,3,1,2,0,0,0
2022-03-08 01:15,8,2,6,0,0,0
2022-03-08 01:30,0,0,0,0,0,0
2022-03-08 01:45,1,0,1,0,0,0
2022-03-08 02:00,1,0,1,0,0,0
2022-03-08 02:15,1,0,1,0,0,0
2022-03-08 02:30,3,1,2,0,0,0
2022-03-08 02:45,1,0,1,0,0,0
2022-03-08 03:00,3,2,1,0,0,0
2022-03-08 03:15,0,0,0,0,0,0
2022-03-08 03:30,1,1,0,0,0,0
2022-03-08 03:45,1,0,1,0,0,0
2022-03-08 04:00,2,0,2,0,0,0
2022-03-08 04:15,3,3,0,0,0,0
2022-03-08 04:30,1,1,0,0,0,0
2022-03-08 04:45,3,0,3,0,0,0
2022-03-08 05:00,1,1,0,0,0,0
2022-03-08 05:15,10,4,6,0,0,0
2022-03-08 05:30,7,2,5,0,0,0
2022-03-08 05:45,22,16,6,0,0,0
2022-03-08 06:00,32,10,22,0,0,0
2022-03-08 06:15,32,14,18,0,0,0
2022-03-08 06:30,32,19,13,0,0,0
2022-03-08 06:45,69,37,32,0,0,0
2022-03-08 07:00,77,45,32,0,0,0
2022-03-08 07:15,110,48,62,0,0,0
2022-03-08 07:30,131,56,75,0,0,0
2022-03-08 07:45,158,83,75,0,0,0
2022-03-08 08:00,137,72,65,0,0,0
2022-03-08 08:15,122,63,59,0,0,0
2022-03-08 08:30,132,56,76,0,0,0
2022-03-08 08:45,112,53,59,0,0,0
2022-03-08 09:00,74,29,45,0,0,0
2022-03-08 09:15,76,31,45,0,0,0
2022-03-08 09:30,73,30,43,0,0,0
2022-03-08 09:45,88,49,39,0,0,0
2022-03-08 10:00,81,31,50,0,0,0
2022-03-08 10:15,76,32,44,0,0,0
2022-03-08 10:30,70,30,40,0,0,0
2022-03-08 10:45,96,40,56,0,0,0
2022-03-08 11:00,67,27,40,0,0,0
2022-03-08 11:15,79,35,44,0,0,0
2022-03-08 11:30,85,24,61,0,0,0
2022-03-08 11:45,84,38,46,0,0,0
2022-03-08 12:00,75,28,47,0,0,0
2022-03-08 12:15,105,50,55,0,0,0
2022-03-08 12:30,104,52,52,0,0,0
2022-03-08 12:45,115,44,71,0,0,0
2022-03-08 13:00,132,62,70,0,0,0
2022-03-08 13:15,120,68,52,0,0,0
2022-03-08 13:30,106,57,49,0,0,0
2022-03-08 13:45,106,57,49,0,0,0
2022-03-08 14:00,99,55,44,0,0,0
2022-03-08 14:15,122,65,57,0,0,0
2022-03-08 14:30,108,51,57,0,0,0
2022-03-08 14:45,112,58,54,0,0,0
2022-03-08 15:00,122,67,55,0,0,0
2022-03-08 15:15,114,61,53,0,0,0
2022-03-08 15:30,120,62,58,0,0,0
2022-03-08 15:45,141,63,78,0,0,0
2022-03-08 16:00,144,62,82,0,0,0
2022-03-08 16:15,122,60,62,0,0,0
2022-03-08 16:30,151,70,81,0,0,0
2022-03-08 16:45,150,75,75,0,0,0
2022-03-08 17:00,155,77,78,0,0,0
2022-03-08 17:15,156,67,89,0,0,0
2022-03-08 17:30,169,79,90,0,0,0
2022-03-08 17:45,130,73,57,0,0,0
2022-03-08 18:00,128,62,66,0,0,0
2022-03-08 18:15,100,49,51,0,0,0
2022-03-08 18:30,78,40,38,0,0,0
2022-03-08 18:45,102,52,50,0,0,0
2022-03-08 19:00,113,55,58,0,0,0
2022-03-08 19:15,120,58,62,0,0,0
2022-03-08 19:30,82,45,37,0,0,0
2022-03-08 19:45,65,32,33,0,0,0
2022-03-08 20:00,82,40,42,0,0,0
2022-03-08 20:15,61,26,35,0,0,0
2022-03-08 20:30,48,22,26,0,0,0
2022-03-08 20:45,50,19,31,0,0,0
2022-03-08 21:00,43,19,24,0,0,0
2022-03-08 21:15,55,17,38,0,0,0
2022-03-08 21:30,41,16,25,0,0,0
2022-03-08 21:45,28,10,18,0,0,0
2022-03-08 22:00,33,15,18,0,0,0
2022-03-08 22:15,36,12,24,0,0,0
2022-03-08 22:30,35,10,25,0,0,0
2022-03-08 22:45,33,11,22,0,0,0
2022-03-08 23:00,36,6,30,0,0,0
2022-03-08 23:15,24,7,17,0,0,0
2022-03-08 23:30,15,4,11,0,0,0
2022-03-08 23:45,21,6,15,0,0,0
2022-03-09 00:00,14,5,9,0,0,0
2022-03-09 00:15,4,0,4,0,0,0
2022-03-09 00:30,7,3,4,0,0,0
2022-03-09 00:45,5,1,4,0,0,0
2022-03-09 01:00,8,1,7,0,0,0
2022-03-09 01:15,5,3,2,0,0,0
2022-03-09 01:30,1,0,1,0,0,0
2022-03-09 01:45,4,2,2,0,0,0
2022-03-09 02:00,2,0,2,0,0,0
2022-03-09 02:15,3,2,1,0,0,0
2022-03-09 02:30,1,0,1,0,0,0
2022-03-09 02:45,2,0,2,0,0,0
2022-03-09 03:00,2,1,1,0,0,0
2022-03-09 03:15,2,2,0,0,0,0
2022-03-09 03:30,1,0,1,0,0,0
2022-03-09 03:45,4,1,3,0,0,0
2022-03-09 04:00,3,1,2,0,0,0
2022-03-09 04:15,1,1,0,0,0,0
2022-03-09 04:30,0,0,0,0,0,0
2022-03-09 04:45,2,1,1,0,0,0
2022-03-09 05:00,1,0,1,0,0,0
2022-03-09 05:15,9,3,6,0,0,0
2022-03-09 05:30,15,6,9,0,0,0
2022-03-09 05:45,19,10,9,0,0,0
2022-03-09 06:00,25,12,13,0,0,0
2022-03-09 06:15,41,13,28,0,0,0
2022-03-09 06:30,34,14,20,0,0,0
2022-03-09 06:45,60,28,32,0,0,0
2022-03-09 07:00,73,35,38,0,0,0
2022-03-09 07:15,96,32,64,0,0,0
2022-03-09 07:30,157,72,85,0,0,0
2022-03-09 07:45,138,76,62,0,0,0
2022-03-09 08:00,127,74,53,0,0,0
2022-03-09 08:15,139,78,61,0,0,0
2022-03-09 08:30,131,70,61,0,0,0
2022-03-09 08:45,139,88,51,0,0,0
2022-03-09 09:00,89,43,46,0,0,0
2022-03-09 09:15,85,29,56,0,0,0
2022-03-09 09:30,99,47,52,0,0,0
2022-03-09 09:45,98,46,52,0,0,0
2022-03-09 10:00,73,37,36,0,0,0
2022-03-09 10:15,67,29,38,0,0,0
2022-03-09 10:30,77,43,34,0,0,0
2022-03-09 10:45,84,28,56,0,0,0
2022-03-09 11:00,84,29,55,0,0,0
2022-03-09 11:15,62,29,33,0,0,0
2022-03-09 11:30,79,40,39,0,0,0
2022-03-09 11:45,103,46,57,0,0,0
2022-03-09 12:00,115,51,64,0,0,0
2022-03-09 12:15,126,58,68,0,0,0
2022-03-09 12:30,126,63,63,0,0,0
2022-03-09 12:45,104,56,48,0,0,0
2022-03-09 13:00,103,54,49,0,0,0
2022-03-09 13:15,117,57,60,0,0,0
2022-03-09 13:30,130,72,58,0,0,0
2022-03-09 13:45,126,68,58,0,0,0
2022-03-09 14:00,120,73,47,0,0,0
2022-03-09 14:15,142,81,61,0,0,0
2022-03-09 14:30,118,59,59,0,0,0
2022-03-09 14:45,110,49,61,0,0,0
2022-03-09 15:00,114,56,58,0,0,0
2022-03-09 15:15,134,77,57,0,0,0
2022-03-09 15:30,142,76,66,0,0,0
2022-03-09 15:45,133,75,58,0,0,0
2022-03-09 16:00,136,71,65,0,0,0
2022-03-09 16:15,155,83,72,0,0,0
2022-03-09 16:30,154,81,73,0,0,0
2022-03-09 16:45,164,80,84,0,0,0
2022-03-09 17:00,168,72,96,0,0,0
2022-03-09 17:15,147,66,81,0,0,0
2022-03-09 17:30,156,78,78,0,0,0
2022-03-09 17:45,154,73,81,0,0,0
2022-03-09 18:00,141,64,77,0,0,0
2022-03-09 18:15,142,66,76,0,0,0
2022-03-09 18:30,143,69,74,0,0,0
2022-03-09 18:45,126,64,62,0,0,0
2022-03-09 19:00,124,62,62,0,0,0
2022-03-09 19:15,103,60,43,0,0,0
2022-03-09 19:30,87,40,47,0,0,0
2022-03-09 19:45,97,56,41,0,0,0
2022-03-09 20:00,83,39,44,0,0,0
2022-03-09 20:15,69,38,31,0,0,0
2022-03-09 20:30,49,23,26,0,0,0
2022-03-09 20:45,48,20,28,0,0,0
2022-03-09 21:00,53,15,38,0,0,0
2022-03-09 21:15,39,19,20,0,0,0
2022-03-09 21:30,44,14,30,0,0,0
2022-03-09 21:45,39,15,24,0,0,0
2022-03-09 22:00,41,14,27,0,0,0
2022-03-09 22:15,38,16,22,0,0,0
2022-03-09 22:30,44,17,27,0,0,0
2022-03-09 22:45,26,13,13,0,0,0
2022-03-09 23:00,27,4,23,0,0,0
2022-03-09 23:15,52,8,44,0,0,0
2022-03-09 23:30,25,9,16,0,0,0
2022-03-09 23:45,10,7,3,0,0,0
