Datetime,100031300 (HafenstraÃŸe),101031300 (Channel 1 IN),102031300 (Channel 2 OUT),100031300-status,101031300-status,102031300-status
2022-01-01 00:00,4,1,3,0,0,0
2022-01-01 00:15,9,2,7,0,0,0
2022-01-01 00:30,16,8,8,0,0,0
2022-01-01 00:45,22,13,9,0,0,0
2022-01-01 01:00,19,7,12,0,0,0
2022-01-01 01:15,20,7,13,0,0,0
2022-01-01 01:30,16,7,9,0,0,0
2022-01-01 01:45,24,9,15,0,0,0
2022-01-01 02:00,25,11,14,0,0,0
2022-01-01 02:15,11,3,8,0,0,0
2022-01-01 02:30,16,7,9,0,0,0
2022-01-01 02:45,35,15,20,0,0,0
2022-01-01 03:00,14,4,10,0,0,0
2022-01-01 03:15,18,8,10,0,0,0
2022-01-01 03:30,21,15,6,0,0,0
2022-01-01 03:45,25,3,22,0,0,0
2022-01-01 04:00,23,7,16,0,0,0
2022-01-01 04:15,12,5,7,0,0,0
2022-01-01 04:30,16,8,8,0,0,0
2022-01-01 04:45,14,4,10,0,0,0
2022-01-01 05:00,5,5,0,0,0,0
2022-01-01 05:15,10,5,5,0,0,0
2022-01-01 05:30,10,2,8,0,0,0
2022-01-01 05:45,8,4,4,0,0,0
2022-01-01 06:00,4,3,1,0,0,0
2022-01-01 06:15,5,4,1,0,0,0
2022-01-01 06:30,5,1,4,0,0,0
2022-01-01 06:45,3,2,1,0,0,0
2022-01-01 07:00,3,0,3,0,0,0
2022-01-01 07:15,9,2,7,0,0,0
2022-01-01 07:30,4,1,3,0,0,0
2022-01-01 07:45,4,0,4,0,0,0
2022-01-01 08:00,1,1,0,0,0,0
2022-01-01 08:15,2,0,2,0,0,0
2022-01-01 08:30,9,0,9,0,0,0
2022-01-01 08:45,9,5,4,0,0,0
2022-01-01 09:00,5,3,2,0,0,0
2022-01-01 09:15,5,2,3,0,0,0
2022-01-01 09:30,9,3,6,0,0,0
2022-01-01 09:45,13,9,4,0,0,0
2022-01-01 10:00,11,9,2,0,0,0
2022-01-01 10:15,10,3,7,0,0,0
2022-01-01 10:30,15,3,12,0,0,0
2022-01-01 10:45,11,7,4,0,0,0
2022-01-01 11:00,20,5,15,0,0,0
2022-01-01 11:15,23,5,18,0,0,0
2022-01-01 11:30,10,4,6,0,0,0
2022-01-01 11:45,25,9,16,0,0,0
2022-01-01 12:00,20,4,16,0,0,0
2022-01-01 12:15,22,7,15,0,0,0
2022-01-01 12:30,20,9,11,0,0,0
2022-01-01 12:45,34,20,14,0,0,0
2022-01-01 13:00,27,14,13,0,0,0
2022-01-01 13:15,34,11,23,0,0,0
2022-01-01 13:30,24,8,16,0,0,0
2022-01-01 13:45,54,19,35,0,0,0
2022-01-01 14:00,37,17,20,0,0,0
2022-01-01 14:15,48,28,20,0,0,0
2022-01-01 14:30,44,10,34,0,0,0
2022-01-01 14:45,53,12,41,0,0,0
2022-01-01 15:00,44,21,23,0,0,0
2022-01-01 15:15,30,15,15,0,0,0
2022-01-01 15:30,60,25,35,0,0,0
2022-01-01 15:45,40,24,16,0,0,0
2022-01-01 16:00,43,20,23,0,0,0
2022-01-01 16:15,57,26,31,0,0,0
2022-01-01 16:30,49,33,16,0,0,0
2022-01-01 16:45,39,15,24,0,0,0
2022-01-01 17:00,45,13,32,0,0,0
2022-01-01 17:15,30,10,20,0,0,0
2022-01-01 17:30,38,22,16,0,0,0
2022-01-01 17:45,53,26,27,0,0,0
2022-01-01 18:00,25,9,16,0,0,0
2022-01-01 18:15,29,18,11,0,0,0
2022-01-01 18:30,31,19,12,0,0,0
2022-01-01 18:45,34,19,15,0,0,0
2022-01-01 19:00,39,13,26,0,0,0
2022-01-01 19:15,34,15,19,0,0,0
2022-01-01 19:30,31,14,17,0,0,0
2022-01-01 19:45,22,8,14,0,0,0
2022-01-01 20:00,19,6,13,0,0,0
2022-01-01 20:15,33,20,13,0,0,0
2022-01-01 20:30,17,5,12,0,0,0
2022-01-01 20:45,17,7,10,0,0,0
2022-01-01 21:00,25,8,17,0,0,0
2022-01-01 21:15,11,5,6,0,0,0
2022-01-01 21:30,15,7,8,0,0,0
2022-01-01 21:45,19,8,11,0,0,0
2022-01-01 22:00,33,10,23,0,0,0
2022-01-01 22:15,23,7,16,0,0,0
2022-01-01 22:30,17,4,13,0,0,0
2022-01-01 22:45,9,0,9,0,0,0
2022-01-01 23:00,13,4,9,0,0,0
2022-01-01 23:15,14,6,8,0,0,0
2022-01-01 23:30,15,4,11,0,0,0
2022-01-01 23:45,10,4,6,0,0,0
2022-01-02 00:00,13,6,7,0,0,0
2022-01-02 00:15,8,5,3,0,0,0
2022-01-02 00:30,4,2,2,0,0,0
2022-01-02 00:45,3,1,2,0,0,0
2022-01-02 01:00,5,3,2,0,0,0
2022-01-02 01:15,4,4,0,0,0,0
2022-01-02 01:30,7,4,3,0,0,0
2022-01-02 01:45,5,1,4,0,0,0
2022-01-02 02:00,0,0,0,0,0,0
2022-01-02 02:15,4,1,3,0,0,0
2022-01-02 02:30,2,1,1,0,0,0
2022-01-02 02:45,1,0,1,0,0,0
2022-01-02 03:00,3,0,3,0,0,0
2022-01-02 03:15,2,2,0,0,0,0
2022-01-02 03:30,0,0,0,0,0,0
2022-01-02 03:45,1,0,1,0,0,0
2022-01-02 04:00,2,0,2,0,0,0
2022-01-02 04:15,3,1,2,0,0,0
2022-01-02 04:30,0,0,0,0,0,0
2022-01-02 04:45,2,0,2,0,0,0
2022-01-02 05:00,0,0,0,0,0,0
2022-01-02 05:15,0,0,0,0,0,0
2022-01-02 05:30,2,0,2,0,0,0
2022-01-02 05:45,4,2,2,0,0,0
2022-01-02 06:00,0,0,0,0,0,0
2022-01-02 06:15,3,2,1,0,0,0
2022-01-02 06:30,2,1,1,0,0,0
2022-01-02 06:45,5,2,3,0,0,0
2022-01-02 07:00,2,0,2,0,0,0
2022-01-02 07:15,8,3,5,0,0,0
2022-01-02 07:30,6,2,4,0,0,0
2022-01-02 07:45,2,0,2,0,0,0
2022-01-02 08:00,3,1,2,0,0,0
2022-01-02 08:15,8,1,7,0,0,0
2022-01-02 08:30,5,3,2,0,0,0
2022-01-02 08:45,13,5,8,0,0,0
2022-01-02 09:00,15,5,10,0,0,0
2022-01-02 09:15,12,3,9,0,0,0
2022-01-02 09:30,17,6,11,0,0,0
2022-01-02 09:45,15,7,8,0,0,0
2022-01-02 10:00,19,7,12,0,0,0
2022-01-02 10:15,22,8,14,0,0,0
2022-01-02 10:30,29,18,11,0,0,0
2022-01-02 10:45,26,11,15,0,0,0
2022-01-02 11:00,28,14,14,0,0,0
2022-01-02 11:15,34,11,23,0,0,0
2022-01-02 11:30,25,7,18,0,0,0
2022-01-02 11:45,31,19,12,0,0,0
2022-01-02 12:00,41,14,27,0,0,0
2022-01-02 12:15,25,9,16,0,0,0
2022-01-02 12:30,40,16,24,0,0,0
2022-01-02 12:45,44,16,28,0,0,0
2022-01-02 13:00,69,27,42,0,0,0
2022-01-02 13:15,60,29,31,0,0,0
2022-01-02 13:30,49,20,29,0,0,0
2022-01-02 13:45,54,18,36,0,0,0
2022-01-02 14:00,51,21,30,0,0,0
2022-01-02 14:15,47,27,20,0,0,0
2022-01-02 14:30,58,26,32,0,0,0
2022-01-02 14:45,67,23,44,0,0,0
2022-01-02 15:00,45,17,28,0,0,0
2022-01-02 15:15,50,26,24,0,0,0
2022-01-02 15:30,67,21,46,0,0,0
2022-01-02 15:45,54,32,22,0,0,0
2022-01-02 16:00,48,21,27,0,0,0
2022-01-02 16:15,66,43,23,0,0,0
2022-01-02 16:30,59,36,23,0,0,0
2022-01-02 16:45,59,26,33,0,0,0
2022-01-02 17:00,54,19,35,0,0,0
2022-01-02 17:15,41,19,22,0,0,0
2022-01-02 17:30,41,19,22,0,0,0
2022-01-02 17:45,58,20,38,0,0,0
2022-01-02 18:00,47,18,29,0,0,0
2022-01-02 18:15,45,20,25,0,0,0
2022-01-02 18:30,52,24,28,0,0,0
2022-01-02 18:45,41,18,23,0,0,0
2022-01-02 19:00,41,11,30,0,0,0
2022-01-02 19:15,48,24,24,0,0,0
2022-01-02 19:30,45,16,29,0,0,0
2022-01-02 19:45,33,11,22,0,0,0
2022-01-02 20:00,35,13,22,0,0,0
2022-01-02 20:15,33,10,23,0,0,0
2022-01-02 20:30,34,19,15,0,0,0
2022-01-02 20:45,15,7,8,0,0,0
2022-01-02 21:00,20,9,11,0,0,0
2022-01-02 21:15,9,2,7,0,0,0
2022-01-02 21:30,25,10,15,0,0,0
2022-01-02 21:45,14,9,5,0,0,0
2022-01-02 22:00,21,7,14,0,0,0
2022-01-02 22:15,9,4,5,0,0,0
2022-01-02 22:30,16,6,10,0,0,0
2022-01-02 22:45,15,2,13,0,0,0
2022-01-02 23:00,16,4,12,0,0,0
2022-01-02 23:15,19,7,12,0,0,0
2022-01-02 23:30,7,4,3,0,0,0
2022-01-02 23:45,9,3,6,0,0,0
2022-01-03 00:00,11,4,7,0,0,0
2022-01-03 00:15,9,3,6,0,0,0
2022-01-03 00:30,6,1,5,0,0,0
2022-01-03 00:45,1,0,1,0,0,0
2022-01-03 01:00,4,0,4,0,0,0
2022-01-03 01:15,1,1,0,0,0,0
2022-01-03 01:30,2,2,0,0,0,0
2022-01-03 01:45,4,0,4,0,0,0
2022-01-03 02:00,5,4,1,0,0,0
2022-01-03 02:15,1,0,1,0,0,0
2022-01-03 02:30,1,1,0,0,0,0
2022-01-03 02:45,3,0,3,0,0,0
2022-01-03 03:00,1,1,0,0,0,0
2022-01-03 03:15,2,1,1,0,0,0
2022-01-03 03:30,0,0,0,0,0,0
2022-01-03 03:45,0,0,0,0,0,0
2022-01-03 04:00,1,0,1,0,0,0
2022-01-03 04:15,1,0,1,0,0,0
2022-01-03 04:30,3,3,0,0,0,0
2022-01-03 04:45,8,0,8,0,0,0
2022-01-03 05:00,0,0,0,0,0,0
2022-01-03 05:15,6,4,2,0,0,0
2022-01-03 05:30,17,5,12,0,0,0
2022-01-03 05:45,15,11,4,0,0,0
2022-01-03 06:00,13,6,7,0,0,0
2022-01-03 06:15,29,10,19,0,0,0
2022-01-03 06:30,39,15,24,0,0,0
2022-01-03 06:45,38,16,22,0,0,0
2022-01-03 07:00,56,34,22,0,0,0
2022-01-03 07:15,66,34,32,0,0,0
2022-01-03 07:30,66,31,35,0,0,0
2022-01-03 07:45,87,55,32,0,0,0
2022-01-03 08:00,79,38,41,0,0,0
2022-01-03 08:15,62,37,25,0,0,0
2022-01-03 08:30,106,42,64,0,0,0
2022-01-03 08:45,74,33,41,0,0,0
2022-01-03 09:00,61,34,27,0,0,0
2022-01-03 09:15,60,30,30,0,0,0
2022-01-03 09:30,65,27,38,0,0,0
2022-01-03 09:45,79,32,47,0,0,0
2022-01-03 10:00,70,35,35,0,0,0
2022-01-03 10:15,80,37,43,0,0,0
2022-01-03 10:30,79,30,49,0,0,0
2022-01-03 10:45,76,33,43,0,0,0
2022-01-03 11:00,60,21,39,0,0,0
2022-01-03 11:15,73,32,41,0,0,0
2022-01-03 11:30,68,31,37,0,0,0
2022-01-03 11:45,98,45,53,0,0,0
2022-01-03 12:00,84,37,47,0,0,0
2022-01-03 12:15,87,35,52,0,0,0
2022-01-03 12:30,72,42,30,0,0,0
2022-01-03 12:45,98,44,54,0,0,0
2022-01-03 13:00,101,53,48,0,0,0
2022-01-03 13:15,94,38,56,0,0,0
2022-01-03 13:30,88,41,47,0,0,0
2022-01-03 13:45,123,54,69,0,0,0
2022-01-03 14:00,80,35,45,0,0,0
2022-01-03 14:15,74,33,41,0,0,0
2022-01-03 14:30,94,45,49,0,0,0
2022-01-03 14:45,96,46,50,0,0,0
2022-01-03 15:00,103,51,52,0,0,0
2022-01-03 15:15,100,49,51,0,0,0
2022-01-03 15:30,117,61,56,0,0,0
2022-01-03 15:45,115,68,47,0,0,0
2022-01-03 16:00,120,48,72,0,0,0
2022-01-03 16:15,125,58,67,0,0,0
2022-01-03 16:30,124,56,68,0,0,0
2022-01-03 16:45,116,62,54,0,0,0
2022-01-03 17:00,110,45,65,0,0,0
2022-01-03 17:15,116,53,63,0,0,0
2022-01-03 17:30,108,49,59,0,0,0
2022-01-03 17:45,134,65,69,0,0,0
2022-01-03 18:00,94,45,49,0,0,0
2022-01-03 18:15,86,42,44,0,0,0
2022-01-03 18:30,96,49,47,0,0,0
2022-01-03 18:45,82,39,43,0,0,0
2022-01-03 19:00,95,49,46,0,0,0
2022-01-03 19:15,65,36,29,0,0,0
2022-01-03 19:30,73,38,35,0,0,0
2022-01-03 19:45,62,31,31,0,0,0
2022-01-03 20:00,63,45,18,0,0,0
2022-01-03 20:15,56,25,31,0,0,0
2022-01-03 20:30,40,15,25,0,0,0
2022-01-03 20:45,49,23,26,0,0,0
2022-01-03 21:00,43,20,23,0,0,0
2022-01-03 21:15,38,19,19,0,0,0
2022-01-03 21:30,27,10,17,0,0,0
2022-01-03 21:45,28,8,20,0,0,0
2022-01-03 22:00,13,4,9,0,0,0
2022-01-03 22:15,34,3,31,0,0,0
2022-01-03 22:30,18,7,11,0,0,0
2022-01-03 22:45,13,3,10,0,0,0
2022-01-03 23:00,12,3,9,0,0,0
2022-01-03 23:15,11,5,6,0,0,0
2022-01-03 23:30,14,7,7,0,0,0
2022-01-03 23:45,21,5,16,0,0,0
2022-01-04 00:00,14,4,10,0,0,0
2022-01-04 00:15,2,1,1,0,0,0
2022-01-04 00:30,10,2,8,0,0,0
2022-01-04 00:45,3,0,3,0,0,0
2022-01-04 01:00,4,1,3,0,0,0
2022-01-04 01:15,4,2,2,0,0,0
2022-01-04 01:30,2,0,2,0,0,0
2022-01-04 01:45,10,4,6,0,0,0
2022-01-04 02:00,1,0,1,0,0,0
2022-01-04 02:15,0,0,0,0,0,0
2022-01-04 02:30,0,0,0,0,0,0
2022-01-04 02:45,0,0,0,0,0,0
2022-01-04 03:00,0,0,0,0,0,0
2022-01-04 03:15,0,0,0,0,0,0
2022-01-04 03:30,0,0,0,0,0,0
2022-01-04 03:45,2,1,1,0,0,0
2022-01-04 04:00,1,0,1,0,0,0
2022-01-04 04:15,3,0,3,0,0,0
2022-01-04 04:30,3,1,2,0,0,0
2022-01-04 04:45,5,0,5,0,0,0
2022-01-04 05:00,0,0,0,0,0,0
2022-01-04 05:15,5,3,2,0,0,0
2022-01-04 05:30,14,3,11,0,0,0
2022-01-04 05:45,28,16,12,0,0,0
2022-01-04 06:00,9,3,6,0,0,0
2022-01-04 06:15,32,10,22,0,0,0
2022-01-04 06:30,39,14,25,0,0,0
2022-01-04 06:45,55,29,26,0,0,0
2022-01-04 07:00,57,25,32,0,0,0
2022-01-04 07:15,65,39,26,0,0,0
2022-01-04 07:30,57,31,26,0,0,0
2022-01-04 07:45,80,54,26,0,0,0
2022-01-04 08:00,70,36,34,0,0,0
2022-01-04 08:15,84,41,43,0,0,0
2022-01-04 08:30,91,54,37,0,0,0
2022-01-04 08:45,99,39,60,0,0,0
2022-01-04 09:00,78,36,42,0,0,0
2022-01-04 09:15,68,27,41,0,0,0
2022-01-04 09:30,71,24,47,0,0,0
2022-01-04 09:45,67,28,39,0,0,0
2022-01-04 10:00,66,30,36,0,0,0
2022-01-04 10:15,61,28,33,0,0,0
2022-01-04 10:30,61,25,36,0,0,0
2022-01-04 10:45,107,35,72,0,0,0
2022-01-04 11:00,59,19,40,0,0,0
2022-01-04 11:15,65,26,39,0,0,0
2022-01-04 11:30,88,42,46,0,0,0
2022-01-04 11:45,82,31,51,0,0,0
2022-01-04 12:00,83,33,50,0,0,0
2022-01-04 12:15,94,43,51,0,0,0
2022-01-04 12:30,85,40,45,0,0,0
2022-01-04 12:45,96,47,49,0,0,0
2022-01-04 13:00,97,42,55,0,0,0
2022-01-04 13:15,93,37,56,0,0,0
2022-01-04 13:30,86,38,48,0,0,0
2022-01-04 13:45,93,47,46,0,0,0
2022-01-04 14:00,113,46,67,0,0,0
2022-01-04 14:15,114,54,60,0,0,0
2022-01-04 14:30,98,49,49,0,0,0
2022-01-04 14:45,125,56,69,0,0,0
2022-01-04 15:00,95,42,53,0,0,0
2022-01-04 15:15,98,37,61,0,0,0
2022-01-04 15:30,74,26,48,0,0,0
2022-01-04 15:45,88,35,53,0,0,0
2022-01-04 16:00,112,57,55,0,0,0
2022-01-04 16:15,97,47,50,0,0,0
2022-01-04 16:30,113,50,63,0,0,0
2022-01-04 16:45,116,56,60,0,0,0
2022-01-04 17:00,134,63,71,0,0,0
2022-01-04 17:15,112,58,54,0,0,0
2022-01-04 17:30,110,51,59,0,0,0
2022-01-04 17:45,118,59,59,0,0,0
2022-01-04 18:00,115,46,69,0,0,0
2022-01-04 18:15,98,38,60,0,0,0
2022-01-04 18:30,90,45,45,0,0,0
2022-01-04 18:45,76,28,48,0,0,0
2022-01-04 19:00,85,48,37,0,0,0
2022-01-04 19:15,66,32,34,0,0,0
2022-01-04 19:30,71,37,34,0,0,0
2022-01-04 19:45,52,33,19,0,0,0
2022-01-04 20:00,77,31,46,0,0,0
2022-01-04 20:15,47,19,28,0,0,0
2022-01-04 20:30,49,23,26,0,0,0
2022-01-04 20:45,29,10,19,0,0,0
2022-01-04 21:00,40,15,25,0,0,0
2022-01-04 21:15,31,13,18,0,0,0
2022-01-04 21:30,36,13,23,0,0,0
2022-01-04 21:45,26,9,17,0,0,0
2022-01-04 22:00,33,17,16,0,0,0
2022-01-04 22:15,32,9,23,0,0,0
2022-01-04 22:30,19,9,10,0,0,0
2022-01-04 22:45,25,7,18,0,0,0
2022-01-04 23:00,25,7,18,0,0,0
2022-01-04 23:15,16,2,14,0,0,0
2022-01-04 23:30,15,3,12,0,0,0
2022-01-04 23:45,11,2,9,0,0,0
2022-01-05 00:00,13,5,8,0,0,0
2022-01-05 00:15,7,0,7,0,0,0
2022-01-05 00:30,14,6,8,0,0,0
2022-01-05 00:45,9,6,3,0,0,0
2022-01-05 01:00,1,1,0,0,0,0
2022-01-05 01:15,2,1,1,0,0,0
2022-01-05 01:30,1,1,0,0,0,0
2022-01-05 01:45,3,1,2,0,0,0
2022-01-05 02:00,4,2,2,0,0,0
2022-01-05 02:15,1,0,1,0,0,0
2022-01-05 02:30,0,0,0,0,0,0
2022-01-05 02:45,1,1,0,0,0,0
2022-01-05 03:00,0,0,0,0,0,0
2022-01-05 03:15,0,0,0,0,0,0
2022-01-05 03:30,6,6,0,0,0,0
2022-01-05 03:45,0,0,0,0,0,0
2022-01-05 04:00,3,2,1,0,0,0
2022-01-05 04:15,3,0,3,0,0,0
2022-01-05 04:30,4,0,4,0,0,0
2022-01-05 04:45,12,2,10,0,0,0
2022-01-05 05:00,5,2,3,0,0,0
2022-01-05 05:15,3,3,0,0,0,0
2022-01-05 05:30,25,7,18,0,0,0
2022-01-05 05:45,14,6,8,0,0,0
2022-01-05 06:00,15,4,11,0,0,0
2022-01-05 06:15,28,13,15,0,0,0
2022-01-05 06:30,34,16,18,0,0,0
2022-01-05 06:45,57,24,33,0,0,0
2022-01-05 07:00,58,27,31,0,0,0
2022-01-05 07:15,68,37,31,0,0,0
2022-01-05 07:30,70,34,36,0,0,0
2022-01-05 07:45,87,57,30,0,0,0
2022-01-05 08:00,80,42,38,0,0,0
2022-01-05 08:15,81,42,39,0,0,0
2022-01-05 08:30,74,35,39,0,0,0
2022-01-05 08:45,89,49,40,0,0,0
2022-01-05 09:00,77,28,49,0,0,0
2022-01-05 09:15,86,27,59,0,0,0
2022-01-05 09:30,67,21,46,0,0,0
2022-01-05 09:45,62,25,37,0,0,0
2022-01-05 10:00,60,26,34,0,0,0
2022-01-05 10:15,58,23,35,0,0,0
2022-01-05 10:30,42,17,25,0,0,0
2022-01-05 10:45,53,20,33,0,0,0
2022-01-05 11:00,48,17,31,0,0,0
2022-01-05 11:15,51,18,33,0,0,0
2022-01-05 11:30,61,21,40,0,0,0
2022-01-05 11:45,64,28,36,0,0,0
2022-01-05 12:00,61,18,43,0,0,0
2022-01-05 12:15,66,16,50,0,0,0
2022-01-05 12:30,77,27,50,0,0,0
2022-01-05 12:45,61,22,39,0,0,0
2022-01-05 13:00,85,38,47,0,0,0
2022-01-05 13:15,74,25,49,0,0,0
2022-01-05 13:30,64,30,34,0,0,0
2022-01-05 13:45,76,29,47,0,0,0
2022-01-05 14:00,73,37,36,0,0,0
2022-01-05 14:15,75,34,41,0,0,0
2022-01-05 14:30,64,27,37,0,0,0
2022-01-05 14:45,73,34,39,0,0,0
2022-01-05 15:00,88,31,57,0,0,0
2022-01-05 15:15,75,30,45,0,0,0
2022-01-05 15:30,83,38,45,0,0,0
2022-01-05 15:45,100,43,57,0,0,0
2022-01-05 16:00,107,43,64,0,0,0
2022-01-05 16:15,123,58,65,0,0,0
2022-01-05 16:30,95,41,54,0,0,0
2022-01-05 16:45,110,45,65,0,0,0
2022-01-05 17:00,113,51,62,0,0,0
2022-01-05 17:15,140,67,73,0,0,0
2022-01-05 17:30,104,45,59,0,0,0
2022-01-05 17:45,132,58,74,0,0,0
2022-01-05 18:00,110,59,51,0,0,0
2022-01-05 18:15,71,28,43,0,0,0
2022-01-05 18:30,99,50,49,0,0,0
2022-01-05 18:45,91,46,45,0,0,0
2022-01-05 19:00,66,30,36,0,0,0
2022-01-05 19:15,81,48,33,0,0,0
2022-01-05 19:30,73,37,36,0,0,0
2022-01-05 19:45,57,31,26,0,0,0
2022-01-05 20:00,59,23,36,0,0,0
2022-01-05 20:15,59,32,27,0,0,0
2022-01-05 20:30,48,20,28,0,0,0
2022-01-05 20:45,51,21,30,0,0,0
2022-01-05 21:00,41,17,24,0,0,0
2022-01-05 21:15,38,13,25,0,0,0
2022-01-05 21:30,31,15,16,0,0,0
2022-01-05 21:45,39,9,30,0,0,0
2022-01-05 22:00,37,19,18,0,0,0
2022-01-05 22:15,18,2,16,0,0,0
2022-01-05 22:30,33,8,25,0,0,0
2022-01-05 22:45,31,14,17,0,0,0
2022-01-05 23:00,16,7,9,0,0,0
2022-01-05 23:15,14,7,7,0,0,0
2022-01-05 23:30,18,10,8,0,0,0
2022-01-05 23:45,10,4,6,0,0,0
2022-01-06 00:00,19,4,15,0,0,0
2022-01-06 00:15,8,3,5,0,0,0
2022-01-06 00:30,14,4,10,0,0,0
2022-01-06 00:45,4,0,4,0,0,0
2022-01-06 01:00,4,2,2,0,0,0
2022-01-06 01:15,2,0,2,0,0,0
2022-01-06 01:30,10,3,7,0,0,0
2022-01-06 01:45,8,3,5,0,0,0
2022-01-06 02:00,4,3,1,0,0,0
2022-01-06 02:15,4,3,1,0,0,0
2022-01-06 02:30,3,1,2,0,0,0
2022-01-06 02:45,1,1,0,0,0,0
2022-01-06 03:00,0,0,0,0,0,0
2022-01-06 03:15,0,0,0,0,0,0
2022-01-06 03:30,1,0,1,0,0,0
2022-01-06 03:45,2,0,2,0,0,0
2022-01-06 04:00,4,0,4,0,0,0
2022-01-06 04:15,1,0,1,0,0,0
2022-01-06 04:30,0,0,0,0,0,0
2022-01-06 04:45,4,1,3,0,0,0
2022-01-06 05:00,0,0,0,0,0,0
2022-01-06 05:15,5,2,3,0,0,0
2022-01-06 05:30,13,5,8,0,0,0
2022-01-06 05:45,18,11,7,0,0,0
2022-01-06 06:00,20,6,14,0,0,0
2022-01-06 06:15,21,4,17,0,0,0
2022-01-06 06:30,35,13,22,0,0,0
2022-01-06 06:45,42,22,20,0,0,0
2022-01-06 07:00,53,22,31,0,0,0
2022-01-06 07:15,68,39,29,0,0,0
2022-01-06 07:30,82,42,40,0,0,0
2022-01-06 07:45,95,51,44,0,0,0
2022-01-06 08:00,84,44,40,0,0,0
2022-01-06 08:15,91,52,39,0,0,0
2022-01-06 08:30,95,57,38,0,0,0
2022-01-06 08:45,80,36,44,0,0,0
2022-01-06 09:00,63,24,39,0,0,0
2022-01-06 09:15,72,34,38,0,0,0
2022-01-06 09:30,68,28,40,0,0,0
2022-01-06 09:45,77,28,49,0,0,0
2022-01-06 10:00,63,24,39,0,0,0
2022-01-06 10:15,68,30,38,0,0,0
2022-01-06 10:30,64,22,42,0,0,0
2022-01-06 10:45,74,29,45,0,0,0
2022-01-06 11:00,78,32,46,0,0,0
2022-01-06 11:15,89,38,51,0,0,0
2022-01-06 11:30,73,32,41,0,0,0
2022-01-06 11:45,98,42,56,0,0,0
2022-01-06 12:00,67,29,38,0,0,0
2022-01-06 12:15,88,38,50,0,0,0
2022-01-06 12:30,109,57,52,0,0,0
2022-01-06 12:45,93,39,54,0,0,0
2022-01-06 13:00,108,66,42,0,0,0
2022-01-06 13:15,107,43,64,0,0,0
2022-01-06 13:30,96,43,53,0,0,0
2022-01-06 13:45,111,60,51,0,0,0
2022-01-06 14:00,99,48,51,0,0,0
2022-01-06 14:15,99,49,50,0,0,0
2022-01-06 14:30,104,50,54,0,0,0
2022-01-06 14:45,107,44,63,0,0,0
2022-01-06 15:00,113,47,66,0,0,0
2022-01-06 15:15,108,59,49,0,0,0
2022-01-06 15:30,105,43,62,0,0,0
2022-01-06 15:45,143,70,73,0,0,0
2022-01-06 16:00,137,66,71,0,0,0
2022-01-06 16:15,150,65,85,0,0,0
2022-01-06 16:30,122,58,64,0,0,0
2022-01-06 16:45,141,52,89,0,0,0
2022-01-06 17:00,106,45,61,0,0,0
2022-01-06 17:15,130,68,62,0,0,0
2022-01-06 17:30,124,60,64,0,0,0
2022-01-06 17:45,116,63,53,0,0,0
2022-01-06 18:00,106,57,49,0,0,0
2022-01-06 18:15,104,60,44,0,0,0
2022-01-06 18:30,92,52,40,0,0,0
2022-01-06 18:45,112,50,62,0,0,0
2022-01-06 19:00,61,32,29,0,0,0
2022-01-06 19:15,71,41,30,0,0,0
2022-01-06 19:30,75,36,39,0,0,0
2022-01-06 19:45,49,29,20,0,0,0
2022-01-06 20:00,81,47,34,0,0,0
2022-01-06 20:15,63,26,37,0,0,0
2022-01-06 20:30,49,23,26,0,0,0
2022-01-06 20:45,38,11,27,0,0,0
2022-01-06 21:00,28,16,12,0,0,0
2022-01-06 21:15,37,9,28,0,0,0
2022-01-06 21:30,38,17,21,0,0,0
2022-01-06 21:45,23,8,15,0,0,0
2022-01-06 22:00,24,6,18,0,0,0
2022-01-06 22:15,27,7,20,0,0,0
2022-01-06 22:30,21,7,14,0,0,0
2022-01-06 22:45,23,10,13,0,0,0
2022-01-06 23:00,21,8,13,0,0,0
2022-01-06 23:15,8,4,4,0,0,0
2022-01-06 23:30,17,4,13,0,0,0
2022-01-06 23:45,23,7,16,0,0,0
2022-01-07 00:00,11,6,5,0,0,0
2022-01-07 00:15,2,1,1,0,0,0
2022-01-07 00:30,6,2,4,0,0,0
2022-01-07 00:45,11,2,9,0,0,0
2022-01-07 01:00,9,2,7,0,0,0
2022-01-07 01:15,7,3,4,0,0,0
2022-01-07 01:30,6,2,4,0,0,0
2022-01-07 01:45,5,4,1,0,0,0
2022-01-07 02:00,2,2,0,0,0,0
2022-01-07 02:15,5,3,2,0,0,0
2022-01-07 02:30,0,0,0,0,0,0
2022-01-07 02:45,3,1,2,0,0,0
2022-01-07 03:00,0,0,0,0,0,0
2022-01-07 03:15,1,0,1,0,0,0
2022-01-07 03:30,1,0,1,0,0,0
2022-01-07 03:45,1,0,1,0,0,0
2022-01-07 04:00,2,0,2,0,0,0
2022-01-07 04:15,1,0,1,0,0,0
2022-01-07 04:30,3,0,3,0,0,0
2022-01-07 04:45,2,0,2,0,0,0
2022-01-07 05:00,6,2,4,0,0,0
2022-01-07 05:15,8,6,2,0,0,0
2022-01-07 05:30,16,3,13,0,0,0
2022-01-07 05:45,18,7,11,0,0,0
2022-01-07 06:00,7,2,5,0,0,0
2022-01-07 06:15,20,6,14,0,0,0
2022-01-07 06:30,18,10,8,0,0,0
2022-01-07 06:45,35,18,17,0,0,0
2022-01-07 07:00,42,18,24,0,0,0
2022-01-07 07:15,53,29,24,0,0,0
2022-01-07 07:30,58,31,27,0,0,0
2022-01-07 07:45,98,57,41,0,0,0
2022-01-07 08:00,76,40,36,0,0,0
2022-01-07 08:15,76,43,33,0,0,0
2022-01-07 08:30,89,35,54,0,0,0
2022-01-07 08:45,71,40,31,0,0,0
2022-01-07 09:00,69,26,43,0,0,0
2022-01-07 09:15,40,23,17,0,0,0
2022-01-07 09:30,62,22,40,0,0,0
2022-01-07 09:45,80,40,40,0,0,0
2022-01-07 10:00,84,34,50,0,0,0
2022-01-07 10:15,72,32,40,0,0,0
2022-01-07 10:30,62,23,39,0,0,0
2022-01-07 10:45,61,23,38,0,0,0
2022-01-07 11:00,68,24,44,0,0,0
2022-01-07 11:15,75,31,44,0,0,0
2022-01-07 11:30,88,31,57,0,0,0
2022-01-07 11:45,83,33,50,0,0,0
2022-01-07 12:00,88,37,51,0,0,0
2022-01-07 12:15,95,32,63,0,0,0
2022-01-07 12:30,85,42,43,0,0,0
2022-01-07 12:45,96,41,55,0,0,0
2022-01-07 13:00,111,49,62,0,0,0
2022-01-07 13:15,105,46,59,0,0,0
2022-01-07 13:30,105,43,62,0,0,0
2022-01-07 13:45,94,44,50,0,0,0
2022-01-07 14:00,113,43,70,0,0,0
2022-01-07 14:15,102,50,52,0,0,0
2022-01-07 14:30,98,44,54,0,0,0
2022-01-07 14:45,104,53,51,0,0,0
2022-01-07 15:00,99,40,59,0,0,0
2022-01-07 15:15,92,38,54,0,0,0
2022-01-07 15:30,116,61,55,0,0,0
2022-01-07 15:45,111,53,58,0,0,0
2022-01-07 16:00,91,44,47,0,0,0
2022-01-07 16:15,102,50,52,0,0,0
2022-01-07 16:30,113,53,60,0,0,0
2022-01-07 16:45,114,55,59,0,0,0
2022-01-07 17:00,70,36,34,0,0,0
2022-01-07 17:15,110,53,57,0,0,0
2022-01-07 17:30,89,49,40,0,0,0
2022-01-07 17:45,100,54,46,0,0,0
2022-01-07 18:00,97,47,50,0,0,0
2022-01-07 18:15,74,32,42,0,0,0
2022-01-07 18:30,63,33,30,0,0,0
2022-01-07 18:45,82,40,42,0,0,0
2022-01-07 19:00,102,61,41,0,0,0
2022-01-07 19:15,83,44,39,0,0,0
2022-01-07 19:30,60,22,38,0,0,0
2022-01-07 19:45,67,36,31,0,0,0
2022-01-07 20:00,57,28,29,0,0,0
2022-01-07 20:15,43,19,24,0,0,0
2022-01-07 20:30,36,13,23,0,0,0
2022-01-07 20:45,41,12,29,0,0,0
2022-01-07 21:00,29,11,18,0,0,0
2022-01-07 21:15,23,9,14,0,0,0
2022-01-07 21:30,22,8,14,0,0,0
2022-01-07 21:45,29,12,17,0,0,0
2022-01-07 22:00,31,12,19,0,0,0
2022-01-07 22:15,33,8,25,0,0,0
2022-01-07 22:30,32,9,23,0,0,0
2022-01-07 22:45,30,9,21,0,0,0
2022-01-07 23:00,28,8,20,0,0,0
2022-01-07 23:15,23,12,11,0,0,0
2022-01-07 23:30,29,6,23,0,0,0
2022-01-07 23:45,23,12,11,0,0,0
2022-01-08 00:00,22,7,15,0,0,0
2022-01-08 00:15,15,9,6,0,0,0
2022-01-08 00:30,20,3,17,0,0,0
2022-01-08 00:45,7,5,2,0,0,0
2022-01-08 01:00,14,7,7,0,0,0
2022-01-08 01:15,12,4,8,0,0,0
2022-01-08 01:30,10,2,8,0,0,0
2022-01-08 01:45,11,8,3,0,0,0
2022-01-08 02:00,13,4,9,0,0,0
2022-01-08 02:15,10,5,5,0,0,0
2022-01-08 02:30,3,0,3,0,0,0
2022-01-08 02:45,4,2,2,0,0,0
2022-01-08 03:00,3,1,2,0,0,0
2022-01-08 03:15,4,2,2,0,0,0
2022-01-08 03:30,1,1,0,0,0,0
2022-01-08 03:45,2,1,1,0,0,0
2022-01-08 04:00,5,1,4,0,0,0
2022-01-08 04:15,5,2,3,0,0,0
2022-01-08 04:30,5,4,1,0,0,0
2022-01-08 04:45,5,0,5,0,0,0
2022-01-08 05:00,0,0,0,0,0,0
2022-01-08 05:15,8,3,5,0,0,0
2022-01-08 05:30,9,3,6,0,0,0
2022-01-08 05:45,11,2,9,0,0,0
2022-01-08 06:00,8,4,4,0,0,0
2022-01-08 06:15,6,3,3,0,0,0
2022-01-08 06:30,2,1,1,0,0,0
2022-01-08 06:45,7,3,4,0,0,0
2022-01-08 07:00,11,6,5,0,0,0
2022-01-08 07:15,11,3,8,0,0,0
2022-01-08 07:30,17,10,7,0,0,0
2022-01-08 07:45,14,5,9,0,0,0
2022-01-08 08:00,17,7,10,0,0,0
2022-01-08 08:15,15,7,8,0,0,0
2022-01-08 08:30,13,4,9,0,0,0
2022-01-08 08:45,20,8,12,0,0,0
2022-01-08 09:00,24,4,20,0,0,0
2022-01-08 09:15,41,12,29,0,0,0
2022-01-08 09:30,35,11,24,0,0,0
2022-01-08 09:45,58,25,33,0,0,0
2022-01-08 10:00,62,23,39,0,0,0
2022-01-08 10:15,62,27,35,0,0,0
2022-01-08 10:30,55,26,29,0,0,0
2022-01-08 10:45,56,25,31,0,0,0
2022-01-08 11:00,75,30,45,0,0,0
2022-01-08 11:15,40,18,22,0,0,0
2022-01-08 11:30,45,22,23,0,0,0
2022-01-08 11:45,63,26,37,0,0,0
2022-01-08 12:00,85,42,43,0,0,0
2022-01-08 12:15,51,22,29,0,0,0
2022-01-08 12:30,91,41,50,0,0,0
2022-01-08 12:45,83,32,51,0,0,0
2022-01-08 13:00,75,31,44,0,0,0
2022-01-08 13:15,83,42,41,0,0,0
2022-01-08 13:30,83,41,42,0,0,0
2022-01-08 13:45,92,45,47,0,0,0
2022-01-08 14:00,65,30,35,0,0,0
2022-01-08 14:15,94,46,48,0,0,0
2022-01-08 14:30,67,33,34,0,0,0
2022-01-08 14:45,103,34,69,0,0,0
2022-01-08 15:00,61,30,31,0,0,0
2022-01-08 15:15,73,38,35,0,0,0
2022-01-08 15:30,98,39,59,0,0,0
2022-01-08 15:45,78,34,44,0,0,0
2022-01-08 16:00,102,45,57,0,0,0
2022-01-08 16:15,68,28,40,0,0,0
2022-01-08 16:30,69,35,34,0,0,0
2022-01-08 16:45,81,41,40,0,0,0
2022-01-08 17:00,83,47,36,0,0,0
2022-01-08 17:15,80,39,41,0,0,0
2022-01-08 17:30,57,22,35,0,0,0
2022-01-08 17:45,82,43,39,0,0,0
2022-01-08 18:00,67,33,34,0,0,0
2022-01-08 18:15,61,31,30,0,0,0
2022-01-08 18:30,49,25,24,0,0,0
2022-01-08 18:45,63,27,36,0,0,0
2022-01-08 19:00,68,31,37,0,0,0
2022-01-08 19:15,60,34,26,0,0,0
2022-01-08 19:30,55,33,22,0,0,0
2022-01-08 19:45,62,37,25,0,0,0
2022-01-08 20:00,59,30,29,0,0,0
2022-01-08 20:15,52,15,37,0,0,0
2022-01-08 20:30,50,23,27,0,0,0
2022-01-08 20:45,42,27,15,0,0,0
2022-01-08 21:00,40,12,28,0,0,0
2022-01-08 21:15,26,12,14,0,0,0
2022-01-08 21:30,24,8,16,0,0,0
2022-01-08 21:45,29,15,14,0,0,0
2022-01-08 22:00,36,12,24,0,0,0
2022-01-08 22:15,29,12,17,0,0,0
2022-01-08 22:30,19,2,17,0,0,0
2022-01-08 22:45,22,6,16,0,0,0
2022-01-08 23:00,27,14,13,0,0,0
2022-01-08 23:15,28,15,13,0,0,0
2022-01-08 23:30,14,6,8,0,0,0
2022-01-08 23:45,27,9,18,0,0,0
2022-01-09 00:00,19,6,13,0,0,0
2022-01-09 00:15,17,10,7,0,0,0
2022-01-09 00:30,17,7,10,0,0,0
2022-01-09 00:45,15,4,11,0,0,0
2022-01-09 01:00,17,5,12,0,0,0
2022-01-09 01:15,12,4,8,0,0,0
2022-01-09 01:30,15,6,9,0,0,0
2022-01-09 01:45,16,6,10,0,0,0
2022-01-09 02:00,15,5,10,0,0,0
2022-01-09 02:15,6,1,5,0,0,0
2022-01-09 02:30,5,2,3,0,0,0
2022-01-09 02:45,6,3,3,0,0,0
2022-01-09 03:00,6,1,5,0,0,0
2022-01-09 03:15,8,2,6,0,0,0
2022-01-09 03:30,10,6,4,0,0,0
2022-01-09 03:45,2,0,2,0,0,0
2022-01-09 04:00,4,2,2,0,0,0
2022-01-09 04:15,4,2,2,0,0,0
2022-01-09 04:30,1,0,1,0,0,0
2022-01-09 04:45,3,1,2,0,0,0
2022-01-09 05:00,0,0,0,0,0,0
2022-01-09 05:15,2,0,2,0,0,0
2022-01-09 05:30,2,0,2,0,0,0
2022-01-09 05:45,5,3,2,0,0,0
2022-01-09 06:00,3,3,0,0,0,0
2022-01-09 06:15,3,3,0,0,0,0
2022-01-09 06:30,5,3,2,0,0,0
2022-01-09 06:45,3,2,1,0,0,0
2022-01-09 07:00,4,0,4,0,0,0
2022-01-09 07:15,5,4,1,0,0,0
2022-01-09 07:30,6,0,6,0,0,0
2022-01-09 07:45,3,2,1,0,0,0
2022-01-09 08:00,2,1,1,0,0,0
2022-01-09 08:15,3,1,2,0,0,0
2022-01-09 08:30,10,2,8,0,0,0
2022-01-09 08:45,10,5,5,0,0,0
2022-01-09 09:00,11,3,8,0,0,0
2022-01-09 09:15,21,4,17,0,0,0
2022-01-09 09:30,14,3,11,0,0,0
2022-01-09 09:45,34,15,19,0,0,0
2022-01-09 10:00,27,11,16,0,0,0
2022-01-09 10:15,24,11,13,0,0,0
2022-01-09 10:30,26,8,18,0,0,0
2022-01-09 10:45,45,16,29,0,0,0
2022-01-09 11:00,35,14,21,0,0,0
2022-01-09 11:15,31,13,18,0,0,0
2022-01-09 11:30,54,15,39,0,0,0
2022-01-09 11:45,57,16,41,0,0,0
2022-01-09 12:00,53,21,32,0,0,0
2022-01-09 12:15,47,24,23,0,0,0
2022-01-09 12:30,55,18,37,0,0,0
2022-01-09 12:45,45,21,24,0,0,0
2022-01-09 13:00,47,20,27,0,0,0
2022-01-09 13:15,47,24,23,0,0,0
2022-01-09 13:30,70,36,34,0,0,0
2022-01-09 13:45,84,36,48,0,0,0
2022-01-09 14:00,56,26,30,0,0,0
2022-01-09 14:15,75,27,48,0,0,0
2022-01-09 14:30,56,16,40,0,0,0
2022-01-09 14:45,62,25,37,0,0,0
2022-01-09 15:00,62,27,35,0,0,0
2022-01-09 15:15,65,22,43,0,0,0
2022-01-09 15:30,63,30,33,0,0,0
2022-01-09 15:45,60,31,29,0,0,0
2022-01-09 16:00,48,15,33,0,0,0
2022-01-09 16:15,58,25,33,0,0,0
2022-01-09 16:30,57,20,37,0,0,0
2022-01-09 16:45,50,29,21,0,0,0
2022-01-09 17:00,52,23,29,0,0,0
2022-01-09 17:15,66,31,35,0,0,0
2022-01-09 17:30,53,23,30,0,0,0
2022-01-09 17:45,65,28,37,0,0,0
2022-01-09 18:00,60,28,32,0,0,0
2022-01-09 18:15,57,22,35,0,0,0
2022-01-09 18:30,47,21,26,0,0,0
2022-01-09 18:45,54,23,31,0,0,0
2022-01-09 19:00,54,18,36,0,0,0
2022-01-09 19:15,43,13,30,0,0,0
2022-01-09 19:30,44,14,30,0,0,0
2022-01-09 19:45,50,18,32,0,0,0
2022-01-09 20:00,51,19,32,0,0,0
2022-01-09 20:15,35,16,19,0,0,0
2022-01-09 20:30,39,15,24,0,0,0
2022-01-09 20:45,43,13,30,0,0,0
2022-01-09 21:00,30,14,16,0,0,0
2022-01-09 21:15,22,9,13,0,0,0
2022-01-09 21:30,17,7,10,0,0,0
2022-01-09 21:45,28,10,18,0,0,0
2022-01-09 22:00,33,9,24,0,0,0
2022-01-09 22:15,13,6,7,0,0,0
2022-01-09 22:30,31,8,23,0,0,0
2022-01-09 22:45,17,3,14,0,0,0
2022-01-09 23:00,9,6,3,0,0,0
2022-01-09 23:15,13,6,7,0,0,0
2022-01-09 23:30,12,3,9,0,0,0
2022-01-09 23:45,12,7,5,0,0,0
2022-01-10 00:00,4,3,1,0,0,0
2022-01-10 00:15,5,0,5,0,0,0
2022-01-10 00:30,2,1,1,0,0,0
2022-01-10 00:45,5,0,5,0,0,0
2022-01-10 01:00,3,2,1,0,0,0
2022-01-10 01:15,0,0,0,0,0,0
2022-01-10 01:30,1,1,0,0,0,0
2022-01-10 01:45,4,1,3,0,0,0
2022-01-10 02:00,0,0,0,0,0,0
2022-01-10 02:15,3,1,2,0,0,0
2022-01-10 02:30,1,1,0,0,0,0
2022-01-10 02:45,2,0,2,0,0,0
2022-01-10 03:00,0,0,0,0,0,0
2022-01-10 03:15,1,0,1,0,0,0
2022-01-10 03:30,0,0,0,0,0,0
2022-01-10 03:45,0,0,0,0,0,0
2022-01-10 04:00,0,0,0,0,0,0
2022-01-10 04:15,0,0,0,0,0,0
2022-01-10 04:30,2,1,1,0,0,0
2022-01-10 04:45,3,0,3,0,0,0
2022-01-10 05:00,2,0,2,0,0,0
2022-01-10 05:15,3,1,2,0,0,0
2022-01-10 05:30,9,6,3,0,0,0
2022-01-10 05:45,19,11,8,0,0,0
2022-01-10 06:00,18,6,12,0,0,0
2022-01-10 06:15,28,12,16,0,0,0
2022-01-10 06:30,53,21,32,0,0,0
2022-01-10 06:45,62,29,33,0,0,0
2022-01-10 07:00,69,39,30,0,0,0
2022-01-10 07:15,90,44,46,0,0,0
2022-01-10 07:30,109,52,57,0,0,0
2022-01-10 07:45,165,80,85,0,0,0
2022-01-10 08:00,145,72,73,0,0,0
2022-01-10 08:15,120,64,56,0,0,0
2022-01-10 08:30,99,51,48,0,0,0
2022-01-10 08:45,121,57,64,0,0,0
2022-01-10 09:00,95,38,57,0,0,0
2022-01-10 09:15,64,24,40,0,0,0
2022-01-10 09:30,85,32,53,0,0,0
2022-01-10 09:45,87,30,57,0,0,0
2022-01-10 10:00,79,34,45,0,0,0
2022-01-10 10:15,68,25,43,0,0,0
2022-01-10 10:30,77,37,40,0,0,0
2022-01-10 10:45,79,31,48,0,0,0
2022-01-10 11:00,92,36,56,0,0,0
2022-01-10 11:15,86,37,49,0,0,0
2022-01-10 11:30,75,37,38,0,0,0
2022-01-10 11:45,121,51,70,0,0,0
2022-01-10 12:00,107,50,57,0,0,0
2022-01-10 12:15,94,52,42,0,0,0
2022-01-10 12:30,108,50,58,0,0,0
2022-01-10 12:45,102,49,53,0,0,0
2022-01-10 13:00,119,74,45,0,0,0
2022-01-10 13:15,105,43,62,0,0,0
2022-01-10 13:30,124,50,74,0,0,0
2022-01-10 13:45,117,62,55,0,0,0
2022-01-10 14:00,126,58,68,0,0,0
2022-01-10 14:15,118,65,53,0,0,0
2022-01-10 14:30,112,61,51,0,0,0
2022-01-10 14:45,99,47,52,0,0,0
2022-01-10 15:00,109,51,58,0,0,0
2022-01-10 15:15,125,57,68,0,0,0
2022-01-10 15:30,115,49,66,0,0,0
2022-01-10 15:45,141,60,81,0,0,0
2022-01-10 16:00,152,79,73,0,0,0
2022-01-10 16:15,141,60,81,0,0,0
2022-01-10 16:30,136,70,66,0,0,0
2022-01-10 16:45,164,82,82,0,0,0
2022-01-10 17:00,128,64,64,0,0,0
2022-01-10 17:15,170,82,88,0,0,0
2022-01-10 17:30,137,69,68,0,0,0
2022-01-10 17:45,150,74,76,0,0,0
2022-01-10 18:00,122,55,67,0,0,0
2022-01-10 18:15,130,67,63,0,0,0
2022-01-10 18:30,111,52,59,0,0,0
2022-01-10 18:45,110,57,53,0,0,0
2022-01-10 19:00,95,51,44,0,0,0
2022-01-10 19:15,100,66,34,0,0,0
2022-01-10 19:30,87,40,47,0,0,0
2022-01-10 19:45,66,36,30,0,0,0
2022-01-10 20:00,63,25,38,0,0,0
2022-01-10 20:15,69,37,32,0,0,0
2022-01-10 20:30,53,23,30,0,0,0
2022-01-10 20:45,35,21,14,0,0,0
2022-01-10 21:00,51,14,37,0,0,0
2022-01-10 21:15,25,14,11,0,0,0
2022-01-10 21:30,25,13,12,0,0,0
2022-01-10 21:45,20,11,9,0,0,0
2022-01-10 22:00,34,11,23,0,0,0
2022-01-10 22:15,36,10,26,0,0,0
2022-01-10 22:30,23,7,16,0,0,0
2022-01-10 22:45,24,10,14,0,0,0
2022-01-10 23:00,14,3,11,0,0,0
2022-01-10 23:15,25,4,21,0,0,0
2022-01-10 23:30,11,6,5,0,0,0
2022-01-10 23:45,15,3,12,0,0,0
2022-01-11 00:00,7,2,5,0,0,0
2022-01-11 00:15,6,1,5,0,0,0
2022-01-11 00:30,6,1,5,0,0,0
2022-01-11 00:45,10,3,7,0,0,0
2022-01-11 01:00,8,1,7,0,0,0
2022-01-11 01:15,1,0,1,0,0,0
2022-01-11 01:30,5,1,4,0,0,0
2022-01-11 01:45,2,2,0,0,0,0
2022-01-11 02:00,3,0,3,0,0,0
2022-01-11 02:15,0,0,0,0,0,0
2022-01-11 02:30,0,0,0,0,0,0
2022-01-11 02:45,0,0,0,0,0,0
2022-01-11 03:00,1,1,0,0,0,0
2022-01-11 03:15,0,0,0,0,0,0
2022-01-11 03:30,1,0,1,0,0,0
2022-01-11 03:45,0,0,0,0,0,0
2022-01-11 04:00,3,1,2,0,0,0
2022-01-11 04:15,2,0,2,0,0,0
2022-01-11 04:30,1,0,1,0,0,0
2022-01-11 04:45,4,2,2,0,0,0
2022-01-11 05:00,3,2,1,0,0,0
2022-01-11 05:15,2,1,1,0,0,0
2022-01-11 05:30,9,6,3,0,0,0
2022-01-11 05:45,17,10,7,0,0,0
2022-01-11 06:00,19,9,10,0,0,0
2022-01-11 06:15,40,16,24,0,0,0
2022-01-11 06:30,36,15,21,0,0,0
2022-01-11 06:45,70,43,27,0,0,0
2022-01-11 07:00,62,32,30,0,0,0
2022-01-11 07:15,76,43,33,0,0,0
2022-01-11 07:30,114,59,55,0,0,0
2022-01-11 07:45,139,68,71,0,0,0
2022-01-11 08:00,126,50,76,0,0,0
2022-01-11 08:15,122,56,66,0,0,0
2022-01-11 08:30,119,64,55,0,0,0
2022-01-11 08:45,116,60,56,0,0,0
2022-01-11 09:00,81,36,45,0,0,0
2022-01-11 09:15,74,30,44,0,0,0
2022-01-11 09:30,69,23,46,0,0,0
2022-01-11 09:45,95,29,66,0,0,0
2022-01-11 10:00,95,31,64,0,0,0
2022-01-11 10:15,77,28,49,0,0,0
2022-01-11 10:30,80,36,44,0,0,0
2022-01-11 10:45,78,33,45,0,0,0
2022-01-11 11:00,97,51,46,0,0,0
2022-01-11 11:15,68,25,43,0,0,0
2022-01-11 11:30,93,33,60,0,0,0
2022-01-11 11:45,98,37,61,0,0,0
2022-01-11 12:00,90,39,51,0,0,0
2022-01-11 12:15,91,40,51,0,0,0
2022-01-11 12:30,83,43,40,0,0,0
2022-01-11 12:45,101,58,43,0,0,0
2022-01-11 13:00,105,44,61,0,0,0
2022-01-11 13:15,107,49,58,0,0,0
2022-01-11 13:30,106,54,52,0,0,0
2022-01-11 13:45,109,62,47,0,0,0
2022-01-11 14:00,104,49,55,0,0,0
2022-01-11 14:15,116,57,59,0,0,0
2022-01-11 14:30,102,57,45,0,0,0
2022-01-11 14:45,129,76,53,0,0,0
2022-01-11 15:00,102,39,63,0,0,0
2022-01-11 15:15,113,67,46,0,0,0
2022-01-11 15:30,118,52,66,0,0,0
2022-01-11 15:45,128,62,66,0,0,0
2022-01-11 16:00,116,63,53,0,0,0
2022-01-11 16:15,144,70,74,0,0,0
2022-01-11 16:30,132,55,77,0,0,0
2022-01-11 16:45,150,90,60,0,0,0
2022-01-11 17:00,141,72,69,0,0,0
2022-01-11 17:15,142,77,65,0,0,0
2022-01-11 17:30,140,57,83,0,0,0
2022-01-11 17:45,155,84,71,0,0,0
2022-01-11 18:00,137,73,64,0,0,0
2022-01-11 18:15,132,74,58,0,0,0
2022-01-11 18:30,110,48,62,0,0,0
2022-01-11 18:45,123,76,47,0,0,0
2022-01-11 19:00,92,42,50,0,0,0
2022-01-11 19:15,88,45,43,0,0,0
2022-01-11 19:30,78,42,36,0,0,0
2022-01-11 19:45,83,38,45,0,0,0
2022-01-11 20:00,76,42,34,0,0,0
2022-01-11 20:15,67,42,25,0,0,0
2022-01-11 20:30,70,31,39,0,0,0
2022-01-11 20:45,44,18,26,0,0,0
2022-01-11 21:00,48,16,32,0,0,0
2022-01-11 21:15,36,16,20,0,0,0
2022-01-11 21:30,38,12,26,0,0,0
2022-01-11 21:45,38,20,18,0,0,0
2022-01-11 22:00,27,12,15,0,0,0
2022-01-11 22:15,28,13,15,0,0,0
2022-01-11 22:30,19,5,14,0,0,0
2022-01-11 22:45,30,19,11,0,0,0
2022-01-11 23:00,19,8,11,0,0,0
2022-01-11 23:15,26,7,19,0,0,0
2022-01-11 23:30,11,5,6,0,0,0
2022-01-11 23:45,15,7,8,0,0,0
2022-01-12 00:00,11,4,7,0,0,0
2022-01-12 00:15,6,4,2,0,0,0
2022-01-12 00:30,6,2,4,0,0,0
2022-01-12 00:45,7,5,2,0,0,0
2022-01-12 01:00,6,1,5,0,0,0
2022-01-12 01:15,6,1,5,0,0,0
2022-01-12 01:30,3,1,2,0,0,0
2022-01-12 01:45,0,0,0,0,0,0
2022-01-12 02:00,0,0,0,0,0,0
2022-01-12 02:15,1,1,0,0,0,0
2022-01-12 02:30,1,1,0,0,0,0
2022-01-12 02:45,2,1,1,0,0,0
2022-01-12 03:00,0,0,0,0,0,0
2022-01-12 03:15,3,1,2,0,0,0
2022-01-12 03:30,1,0,1,0,0,0
2022-01-12 03:45,0,0,0,0,0,0
2022-01-12 04:00,0,0,0,0,0,0
2022-01-12 04:15,6,3,3,0,0,0
2022-01-12 04:30,0,0,0,0,0,0
2022-01-12 04:45,5,2,3,0,0,0
2022-01-12 05:00,1,1,0,0,0,0
2022-01-12 05:15,3,2,1,0,0,0
2022-01-12 05:30,17,5,12,0,0,0
2022-01-12 05:45,23,7,16,0,0,0
2022-01-12 06:00,23,11,12,0,0,0
2022-01-12 06:15,38,11,27,0,0,0
2022-01-12 06:30,47,27,20,0,0,0
2022-01-12 06:45,67,34,33,0,0,0
2022-01-12 07:00,92,49,43,0,0,0
2022-01-12 07:15,71,33,38,0,0,0
2022-01-12 07:30,111,56,55,0,0,0
2022-01-12 07:45,139,52,87,0,0,0
2022-01-12 08:00,152,64,88,0,0,0
2022-01-12 08:15,114,55,59,0,0,0
2022-01-12 08:30,115,52,63,0,0,0
2022-01-12 08:45,103,51,52,0,0,0
2022-01-12 09:00,75,26,49,0,0,0
2022-01-12 09:15,63,25,38,0,0,0
2022-01-12 09:30,78,32,46,0,0,0
2022-01-12 09:45,88,32,56,0,0,0
2022-01-12 10:00,77,36,41,0,0,0
2022-01-12 10:15,65,28,37,0,0,0
2022-01-12 10:30,66,24,42,0,0,0
2022-01-12 10:45,87,35,52,0,0,0
2022-01-12 11:00,80,38,42,0,0,0
2022-01-12 11:15,72,32,40,0,0,0
2022-01-12 11:30,49,19,30,0,0,0
2022-01-12 11:45,94,39,55,0,0,0
2022-01-12 12:00,96,43,53,0,0,0
2022-01-12 12:15,95,45,50,0,0,0
2022-01-12 12:30,90,46,44,0,0,0
2022-01-12 12:45,97,40,57,0,0,0
2022-01-12 13:00,103,44,59,0,0,0
2022-01-12 13:15,112,61,51,0,0,0
2022-01-12 13:30,122,71,51,0,0,0
2022-01-12 13:45,128,65,63,0,0,0
2022-01-12 14:00,109,47,62,0,0,0
2022-01-12 14:15,127,61,66,0,0,0
2022-01-12 14:30,102,61,41,0,0,0
2022-01-12 14:45,104,47,57,0,0,0
2022-01-12 15:00,111,54,57,0,0,0
2022-01-12 15:15,83,47,36,0,0,0
2022-01-12 15:30,109,57,52,0,0,0
2022-01-12 15:45,124,61,63,0,0,0
2022-01-12 16:00,134,65,69,0,0,0
2022-01-12 16:15,137,74,63,0,0,0
2022-01-12 16:30,128,68,60,0,0,0
2022-01-12 16:45,146,76,70,0,0,0
2022-01-12 17:00,122,67,55,0,0,0
2022-01-12 17:15,155,73,82,0,0,0
2022-01-12 17:30,133,63,70,0,0,0
2022-01-12 17:45,137,67,70,0,0,0
2022-01-12 18:00,124,86,38,0,0,0
2022-01-12 18:15,128,63,65,0,0,0
2022-01-12 18:30,100,41,59,0,0,0
2022-01-12 18:45,131,55,76,0,0,0
2022-01-12 19:00,97,43,54,0,0,0
2022-01-12 19:15,99,52,47,0,0,0
2022-01-12 19:30,71,42,29,0,0,0
2022-01-12 19:45,81,45,36,0,0,0
2022-01-12 20:00,73,41,32,0,0,0
2022-01-12 20:15,55,23,32,0,0,0
2022-01-12 20:30,35,16,19,0,0,0
2022-01-12 20:45,54,23,31,0,0,0
2022-01-12 21:00,44,22,22,0,0,0
2022-01-12 21:15,43,14,29,0,0,0
2022-01-12 21:30,39,13,26,0,0,0
2022-01-12 21:45,31,16,15,0,0,0
2022-01-12 22:00,41,18,23,0,0,0
2022-01-12 22:15,29,9,20,0,0,0
2022-01-12 22:30,29,11,18,0,0,0
2022-01-12 22:45,38,13,25,0,0,0
2022-01-12 23:00,30,11,19,0,0,0
2022-01-12 23:15,19,7,12,0,0,0
2022-01-12 23:30,19,7,12,0,0,0
2022-01-12 23:45,21,8,13,0,0,0
