Datetime,100034978 (Gartenstraße),101034978 (Gartenstraße einwärts),102034978 (Gartenstraße auswärts),100034978-status,101034978-status,102034978-status
2021-10-01 00:00,6,4,2,0,0,0
2021-10-01 00:15,3,1,2,0,0,0
2021-10-01 00:30,3,2,1,0,0,0
2021-10-01 00:45,10,1,9,0,0,0
2021-10-01 01:00,1,0,1,0,0,0
2021-10-01 01:15,2,0,2,0,0,0
2021-10-01 01:30,4,0,4,0,0,0
2021-10-01 01:45,3,1,2,0,0,0
2021-10-01 02:00,1,0,1,0,0,0
2021-10-01 02:15,1,0,1,0,0,0
2021-10-01 02:30,2,0,2,0,0,0
2021-10-01 02:45,2,0,2,0,0,0
2021-10-01 03:00,0,0,0,0,0,0
2021-10-01 03:15,0,0,0,0,0,0
2021-10-01 03:30,0,0,0,0,0,0
2021-10-01 03:45,0,0,0,0,0,0
2021-10-01 04:00,0,0,0,0,0,0
2021-10-01 04:15,1,1,0,0,0,0
2021-10-01 04:30,0,0,0,0,0,0
2021-10-01 04:45,6,4,2,0,0,0
2021-10-01 05:00,0,0,0,0,0,0
2021-10-01 05:15,5,4,1,0,0,0
2021-10-01 05:30,5,2,3,0,0,0
2021-10-01 05:45,14,6,8,0,0,0
2021-10-01 06:00,14,4,10,0,0,0
2021-10-01 06:15,18,8,10,0,0,0
2021-10-01 06:30,22,12,10,0,0,0
2021-10-01 06:45,27,19,8,0,0,0
2021-10-01 07:00,20,14,6,0,0,0
2021-10-01 07:15,47,28,19,0,0,0
2021-10-01 07:30,86,59,27,0,0,0
2021-10-01 07:45,129,95,34,0,0,0
2021-10-01 08:00,66,44,22,0,0,0
2021-10-01 08:15,53,37,16,0,0,0
2021-10-01 08:30,56,31,25,0,0,0
2021-10-01 08:45,55,39,16,0,0,0
2021-10-01 09:00,39,28,11,0,0,0
2021-10-01 09:15,38,20,18,0,0,0
2021-10-01 09:30,37,26,11,0,0,0
2021-10-01 09:45,38,27,11,0,0,0
2021-10-01 10:00,23,14,9,0,0,0
2021-10-01 10:15,17,11,6,0,0,0
2021-10-01 10:30,33,21,12,0,0,0
2021-10-01 10:45,30,19,11,0,0,0
2021-10-01 11:00,39,25,14,0,0,0
2021-10-01 11:15,30,18,12,0,0,0
2021-10-01 11:30,37,25,12,0,0,0
2021-10-01 11:45,42,27,15,0,0,0
2021-10-01 12:00,41,26,15,0,0,0
2021-10-01 12:15,47,26,21,0,0,0
2021-10-01 12:30,53,25,28,0,0,0
2021-10-01 12:45,48,21,27,0,0,0
2021-10-01 13:00,65,30,35,0,0,0
2021-10-01 13:15,72,32,40,0,0,0
2021-10-01 13:30,82,32,50,0,0,0
2021-10-01 13:45,72,39,33,0,0,0
2021-10-01 14:00,56,36,20,0,0,0
2021-10-01 14:15,59,30,29,0,0,0
2021-10-01 14:30,70,40,30,0,0,0
2021-10-01 14:45,55,38,17,0,0,0
2021-10-01 15:00,93,52,41,0,0,0
2021-10-01 15:15,64,35,29,0,0,0
2021-10-01 15:30,61,33,28,0,0,0
2021-10-01 15:45,59,38,21,0,0,0
2021-10-01 16:00,74,38,36,0,0,0
2021-10-01 16:15,57,29,28,0,0,0
2021-10-01 16:30,40,28,12,0,0,0
2021-10-01 16:45,49,24,25,0,0,0
2021-10-01 17:00,58,38,20,0,0,0
2021-10-01 17:15,55,31,24,0,0,0
2021-10-01 17:30,61,24,37,0,0,0
2021-10-01 17:45,47,24,23,0,0,0
2021-10-01 18:00,53,34,19,0,0,0
2021-10-01 18:15,33,15,18,0,0,0
2021-10-01 18:30,49,30,19,0,0,0
2021-10-01 18:45,48,32,16,0,0,0
2021-10-01 19:00,33,13,20,0,0,0
2021-10-01 19:15,37,16,21,0,0,0
2021-10-01 19:30,45,24,21,0,0,0
2021-10-01 19:45,25,13,12,0,0,0
2021-10-01 20:00,32,10,22,0,0,0
2021-10-01 20:15,27,16,11,0,0,0
2021-10-01 20:30,23,11,12,0,0,0
2021-10-01 20:45,20,9,11,0,0,0
2021-10-01 21:00,15,7,8,0,0,0
2021-10-01 21:15,18,10,8,0,0,0
2021-10-01 21:30,11,8,3,0,0,0
2021-10-01 21:45,11,4,7,0,0,0
2021-10-01 22:00,13,6,7,0,0,0
2021-10-01 22:15,18,10,8,0,0,0
2021-10-01 22:30,17,5,12,0,0,0
2021-10-01 22:45,9,7,2,0,0,0
2021-10-01 23:00,9,3,6,0,0,0
2021-10-01 23:15,16,4,12,0,0,0
2021-10-01 23:30,15,6,9,0,0,0
2021-10-01 23:45,18,5,13,0,0,0
2021-10-02 00:00,13,2,11,0,0,0
2021-10-02 00:15,17,6,11,0,0,0
2021-10-02 00:30,10,2,8,0,0,0
2021-10-02 00:45,14,7,7,0,0,0
2021-10-02 01:00,3,0,3,0,0,0
2021-10-02 01:15,5,0,5,0,0,0
2021-10-02 01:30,7,1,6,0,0,0
2021-10-02 01:45,6,3,3,0,0,0
2021-10-02 02:00,13,5,8,0,0,0
2021-10-02 02:15,5,3,2,0,0,0
2021-10-02 02:30,4,2,2,0,0,0
2021-10-02 02:45,5,3,2,0,0,0
2021-10-02 03:00,8,1,7,0,0,0
2021-10-02 03:15,3,1,2,0,0,0
2021-10-02 03:30,2,0,2,0,0,0
2021-10-02 03:45,1,0,1,0,0,0
2021-10-02 04:00,4,4,0,0,0,0
2021-10-02 04:15,3,1,2,0,0,0
2021-10-02 04:30,3,0,3,0,0,0
2021-10-02 04:45,1,0,1,0,0,0
2021-10-02 05:00,8,2,6,0,0,0
2021-10-02 05:15,2,1,1,0,0,0
2021-10-02 05:30,2,2,0,0,0,0
2021-10-02 05:45,3,1,2,0,0,0
2021-10-02 06:00,1,1,0,0,0,0
2021-10-02 06:15,0,0,0,0,0,0
2021-10-02 06:30,1,0,1,0,0,0
2021-10-02 06:45,6,5,1,0,0,0
2021-10-02 07:00,6,6,0,0,0,0
2021-10-02 07:15,8,4,4,0,0,0
2021-10-02 07:30,7,5,2,0,0,0
2021-10-02 07:45,15,11,4,0,0,0
2021-10-02 08:00,15,11,4,0,0,0
2021-10-02 08:15,17,13,4,0,0,0
2021-10-02 08:30,14,12,2,0,0,0
2021-10-02 08:45,22,12,10,0,0,0
2021-10-02 09:00,20,15,5,0,0,0
2021-10-02 09:15,29,26,3,0,0,0
2021-10-02 09:30,21,19,2,0,0,0
2021-10-02 09:45,38,32,6,0,0,0
2021-10-02 10:00,30,23,7,0,0,0
2021-10-02 10:15,42,30,12,0,0,0
2021-10-02 10:30,23,14,9,0,0,0
2021-10-02 10:45,49,31,18,0,0,0
2021-10-02 11:00,50,32,18,0,0,0
2021-10-02 11:15,53,34,19,0,0,0
2021-10-02 11:30,49,31,18,0,0,0
2021-10-02 11:45,50,33,17,0,0,0
2021-10-02 12:00,39,22,17,0,0,0
2021-10-02 12:15,55,37,18,0,0,0
2021-10-02 12:30,57,33,24,0,0,0
2021-10-02 12:45,59,36,23,0,0,0
2021-10-02 13:00,21,12,9,0,0,0
2021-10-02 13:15,52,29,23,0,0,0
2021-10-02 13:30,44,22,22,0,0,0
2021-10-02 13:45,54,27,27,0,0,0
2021-10-02 14:00,47,23,24,0,0,0
2021-10-02 14:15,52,30,22,0,0,0
2021-10-02 14:30,42,18,24,0,0,0
2021-10-02 14:45,41,27,14,0,0,0
2021-10-02 15:00,44,24,20,0,0,0
2021-10-02 15:15,40,15,25,0,0,0
2021-10-02 15:30,52,33,19,0,0,0
2021-10-02 15:45,37,15,22,0,0,0
2021-10-02 16:00,22,14,8,0,0,0
2021-10-02 16:15,33,14,19,0,0,0
2021-10-02 16:30,40,11,29,0,0,0
2021-10-02 16:45,38,25,13,0,0,0
2021-10-02 17:00,46,19,27,0,0,0
2021-10-02 17:15,40,22,18,0,0,0
2021-10-02 17:30,40,20,20,0,0,0
2021-10-02 17:45,52,32,20,0,0,0
2021-10-02 18:00,48,22,26,0,0,0
2021-10-02 18:15,40,17,23,0,0,0
2021-10-02 18:30,52,32,20,0,0,0
2021-10-02 18:45,43,27,16,0,0,0
2021-10-02 19:00,35,17,18,0,0,0
2021-10-02 19:15,41,27,14,0,0,0
2021-10-02 19:30,27,14,13,0,0,0
2021-10-02 19:45,32,14,18,0,0,0
2021-10-02 20:00,18,9,9,0,0,0
2021-10-02 20:15,26,14,12,0,0,0
2021-10-02 20:30,21,13,8,0,0,0
2021-10-02 20:45,20,11,9,0,0,0
2021-10-02 21:00,14,4,10,0,0,0
2021-10-02 21:15,14,3,11,0,0,0
2021-10-02 21:30,17,6,11,0,0,0
2021-10-02 21:45,11,5,6,0,0,0
2021-10-02 22:00,14,5,9,0,0,0
2021-10-02 22:15,8,4,4,0,0,0
2021-10-02 22:30,6,2,4,0,0,0
2021-10-02 22:45,13,8,5,0,0,0
2021-10-02 23:00,11,4,7,0,0,0
2021-10-02 23:15,20,13,7,0,0,0
2021-10-02 23:30,14,5,9,0,0,0
2021-10-02 23:45,12,4,8,0,0,0
2021-10-03 00:00,7,5,2,0,0,0
2021-10-03 00:15,8,4,4,0,0,0
2021-10-03 00:30,4,1,3,0,0,0
2021-10-03 00:45,7,1,6,0,0,0
2021-10-03 01:00,9,9,0,0,0,0
2021-10-03 01:15,6,2,4,0,0,0
2021-10-03 01:30,2,1,1,0,0,0
2021-10-03 01:45,6,3,3,0,0,0
2021-10-03 02:00,12,6,6,0,0,0
2021-10-03 02:15,8,2,6,0,0,0
2021-10-03 02:30,3,3,0,0,0,0
2021-10-03 02:45,2,2,0,0,0,0
2021-10-03 03:00,1,0,1,0,0,0
2021-10-03 03:15,6,2,4,0,0,0
2021-10-03 03:30,6,2,4,0,0,0
2021-10-03 03:45,3,1,2,0,0,0
2021-10-03 04:00,8,0,8,0,0,0
2021-10-03 04:15,4,3,1,0,0,0
2021-10-03 04:30,2,2,0,0,0,0
2021-10-03 04:45,3,0,3,0,0,0
2021-10-03 05:00,1,0,1,0,0,0
2021-10-03 05:15,3,2,1,0,0,0
2021-10-03 05:30,4,3,1,0,0,0
2021-10-03 05:45,4,2,2,0,0,0
2021-10-03 06:00,1,1,0,0,0,0
2021-10-03 06:15,2,1,1,0,0,0
2021-10-03 06:30,1,0,1,0,0,0
2021-10-03 06:45,2,1,1,0,0,0
2021-10-03 07:00,2,2,0,0,0,0
2021-10-03 07:15,5,2,3,0,0,0
2021-10-03 07:30,5,3,2,0,0,0
2021-10-03 07:45,2,1,1,0,0,0
2021-10-03 08:00,1,1,0,0,0,0
2021-10-03 08:15,5,2,3,0,0,0
2021-10-03 08:30,7,4,3,0,0,0
2021-10-03 08:45,7,5,2,0,0,0
2021-10-03 09:00,5,2,3,0,0,0
2021-10-03 09:15,5,4,1,0,0,0
2021-10-03 09:30,8,3,5,0,0,0
2021-10-03 09:45,5,3,2,0,0,0
2021-10-03 10:00,13,9,4,0,0,0
2021-10-03 10:15,18,14,4,0,0,0
2021-10-03 10:30,10,7,3,0,0,0
2021-10-03 10:45,8,3,5,0,0,0
2021-10-03 11:00,7,4,3,0,0,0
2021-10-03 11:15,20,12,8,0,0,0
2021-10-03 11:30,20,9,11,0,0,0
2021-10-03 11:45,19,11,8,0,0,0
2021-10-03 12:00,17,8,9,0,0,0
2021-10-03 12:15,10,8,2,0,0,0
2021-10-03 12:30,15,7,8,0,0,0
2021-10-03 12:45,23,14,9,0,0,0
2021-10-03 13:00,11,7,4,0,0,0
2021-10-03 13:15,18,15,3,0,0,0
2021-10-03 13:30,15,5,10,0,0,0
2021-10-03 13:45,15,9,6,0,0,0
2021-10-03 14:00,23,12,11,0,0,0
2021-10-03 14:15,13,6,7,0,0,0
2021-10-03 14:30,11,5,6,0,0,0
2021-10-03 14:45,16,9,7,0,0,0
2021-10-03 15:00,12,6,6,0,0,0
2021-10-03 15:15,15,8,7,0,0,0
2021-10-03 15:30,20,12,8,0,0,0
2021-10-03 15:45,34,15,19,0,0,0
2021-10-03 16:00,17,7,10,0,0,0
2021-10-03 16:15,22,10,12,0,0,0
2021-10-03 16:30,25,7,18,0,0,0
2021-10-03 16:45,22,11,11,0,0,0
2021-10-03 17:00,18,13,5,0,0,0
2021-10-03 17:15,14,8,6,0,0,0
2021-10-03 17:30,13,4,9,0,0,0
2021-10-03 17:45,21,10,11,0,0,0
2021-10-03 18:00,23,13,10,0,0,0
2021-10-03 18:15,16,10,6,0,0,0
2021-10-03 18:30,13,9,4,0,0,0
2021-10-03 18:45,18,16,2,0,0,0
2021-10-03 19:00,15,9,6,0,0,0
2021-10-03 19:15,10,5,5,0,0,0
2021-10-03 19:30,21,11,10,0,0,0
2021-10-03 19:45,24,16,8,0,0,0
2021-10-03 20:00,13,3,10,0,0,0
2021-10-03 20:15,7,3,4,0,0,0
2021-10-03 20:30,9,2,7,0,0,0
2021-10-03 20:45,10,5,5,0,0,0
2021-10-03 21:00,9,4,5,0,0,0
2021-10-03 21:15,8,1,7,0,0,0
2021-10-03 21:30,11,4,7,0,0,0
2021-10-03 21:45,11,3,8,0,0,0
2021-10-03 22:00,6,3,3,0,0,0
2021-10-03 22:15,9,5,4,0,0,0
2021-10-03 22:30,9,3,6,0,0,0
2021-10-03 22:45,6,1,5,0,0,0
2021-10-03 23:00,5,2,3,0,0,0
2021-10-03 23:15,6,4,2,0,0,0
2021-10-03 23:30,2,1,1,0,0,0
2021-10-03 23:45,8,5,3,0,0,0
2021-10-04 00:00,5,3,2,0,0,0
2021-10-04 00:15,0,0,0,0,0,0
2021-10-04 00:30,6,2,4,0,0,0
2021-10-04 00:45,2,2,0,0,0,0
2021-10-04 01:00,1,0,1,0,0,0
2021-10-04 01:15,1,1,0,0,0,0
2021-10-04 01:30,2,0,2,0,0,0
2021-10-04 01:45,1,0,1,0,0,0
2021-10-04 02:00,1,1,0,0,0,0
2021-10-04 02:15,0,0,0,0,0,0
2021-10-04 02:30,1,0,1,0,0,0
2021-10-04 02:45,1,0,1,0,0,0
2021-10-04 03:00,0,0,0,0,0,0
2021-10-04 03:15,0,0,0,0,0,0
2021-10-04 03:30,0,0,0,0,0,0
2021-10-04 03:45,0,0,0,0,0,0
2021-10-04 04:00,0,0,0,0,0,0
2021-10-04 04:15,1,1,0,0,0,0
2021-10-04 04:30,3,3,0,0,0,0
2021-10-04 04:45,3,2,1,0,0,0
2021-10-04 05:00,3,3,0,0,0,0
2021-10-04 05:15,3,2,1,0,0,0
2021-10-04 05:30,9,3,6,0,0,0
2021-10-04 05:45,12,8,4,0,0,0
2021-10-04 06:00,9,3,6,0,0,0
2021-10-04 06:15,26,8,18,0,0,0
2021-10-04 06:30,22,13,9,0,0,0
2021-10-04 06:45,32,17,15,0,0,0
2021-10-04 07:00,31,15,16,0,0,0
2021-10-04 07:15,49,35,14,0,0,0
2021-10-04 07:30,105,72,33,0,0,0
2021-10-04 07:45,122,93,29,0,0,0
2021-10-04 08:00,65,47,18,0,0,0
2021-10-04 08:15,76,47,29,0,0,0
2021-10-04 08:30,51,33,18,0,0,0
2021-10-04 08:45,64,44,20,0,0,0
2021-10-04 09:00,42,24,18,0,0,0
2021-10-04 09:15,26,16,10,0,0,0
2021-10-04 09:30,44,34,10,0,0,0
2021-10-04 09:45,56,38,18,0,0,0
2021-10-04 10:00,43,25,18,0,0,0
2021-10-04 10:15,44,30,14,0,0,0
2021-10-04 10:30,43,32,11,0,0,0
2021-10-04 10:45,32,21,11,0,0,0
2021-10-04 11:00,41,20,21,0,0,0
2021-10-04 11:15,45,23,22,0,0,0
2021-10-04 11:30,38,18,20,0,0,0
2021-10-04 11:45,50,26,24,0,0,0
2021-10-04 12:00,42,25,17,0,0,0
2021-10-04 12:15,50,26,24,0,0,0
2021-10-04 12:30,36,21,15,0,0,0
2021-10-04 12:45,37,19,18,0,0,0
2021-10-04 13:00,44,27,17,0,0,0
2021-10-04 13:15,52,20,32,0,0,0
2021-10-04 13:30,49,18,31,0,0,0
2021-10-04 13:45,69,31,38,0,0,0
2021-10-04 14:00,63,30,33,0,0,0
2021-10-04 14:15,60,33,27,0,0,0
2021-10-04 14:30,51,29,22,0,0,0
2021-10-04 14:45,57,37,20,0,0,0
2021-10-04 15:00,63,35,28,0,0,0
2021-10-04 15:15,66,33,33,0,0,0
2021-10-04 15:30,58,30,28,0,0,0
2021-10-04 15:45,87,40,47,0,0,0
2021-10-04 16:00,73,38,35,0,0,0
2021-10-04 16:15,76,44,32,0,0,0
2021-10-04 16:30,73,33,40,0,0,0
2021-10-04 16:45,83,35,48,0,0,0
2021-10-04 17:00,80,51,29,0,0,0
2021-10-04 17:15,91,54,37,0,0,0
2021-10-04 17:30,71,44,27,0,0,0
2021-10-04 17:45,64,40,24,0,0,0
2021-10-04 18:00,68,30,38,0,0,0
2021-10-04 18:15,61,29,32,0,0,0
2021-10-04 18:30,56,27,29,0,0,0
2021-10-04 18:45,58,28,30,0,0,0
2021-10-04 19:00,49,15,34,0,0,0
2021-10-04 19:15,43,21,22,0,0,0
2021-10-04 19:30,27,9,18,0,0,0
2021-10-04 19:45,45,17,28,0,0,0
2021-10-04 20:00,30,18,12,0,0,0
2021-10-04 20:15,34,8,26,0,0,0
2021-10-04 20:30,16,7,9,0,0,0
2021-10-04 20:45,13,5,8,0,0,0
2021-10-04 21:00,24,12,12,0,0,0
2021-10-04 21:15,12,3,9,0,0,0
2021-10-04 21:30,16,7,9,0,0,0
2021-10-04 21:45,15,5,10,0,0,0
2021-10-04 22:00,9,2,7,0,0,0
2021-10-04 22:15,17,3,14,0,0,0
2021-10-04 22:30,17,11,6,0,0,0
2021-10-04 22:45,11,4,7,0,0,0
2021-10-04 23:00,14,5,9,0,0,0
2021-10-04 23:15,7,3,4,0,0,0
2021-10-04 23:30,6,1,5,0,0,0
2021-10-04 23:45,7,1,6,0,0,0
2021-10-05 00:00,6,0,6,0,0,0
2021-10-05 00:15,3,0,3,0,0,0
2021-10-05 00:30,1,0,1,0,0,0
2021-10-05 00:45,4,3,1,0,0,0
2021-10-05 01:00,8,2,6,0,0,0
2021-10-05 01:15,7,2,5,0,0,0
2021-10-05 01:30,6,3,3,0,0,0
2021-10-05 01:45,2,0,2,0,0,0
2021-10-05 02:00,1,1,0,0,0,0
2021-10-05 02:15,2,0,2,0,0,0
2021-10-05 02:30,1,0,1,0,0,0
2021-10-05 02:45,4,2,2,0,0,0
2021-10-05 03:00,1,1,0,0,0,0
2021-10-05 03:15,0,0,0,0,0,0
2021-10-05 03:30,0,0,0,0,0,0
2021-10-05 03:45,2,0,2,0,0,0
2021-10-05 04:00,1,1,0,0,0,0
2021-10-05 04:15,3,2,1,0,0,0
2021-10-05 04:30,7,6,1,0,0,0
2021-10-05 04:45,3,2,1,0,0,0
2021-10-05 05:00,2,1,1,0,0,0
2021-10-05 05:15,3,1,2,0,0,0
2021-10-05 05:30,8,5,3,0,0,0
2021-10-05 05:45,21,10,11,0,0,0
2021-10-05 06:00,9,3,6,0,0,0
2021-10-05 06:15,29,14,15,0,0,0
2021-10-05 06:30,39,22,17,0,0,0
2021-10-05 06:45,31,15,16,0,0,0
2021-10-05 07:00,39,22,17,0,0,0
2021-10-05 07:15,55,36,19,0,0,0
2021-10-05 07:30,93,70,23,0,0,0
2021-10-05 07:45,143,107,36,0,0,0
2021-10-05 08:00,83,60,23,0,0,0
2021-10-05 08:15,61,38,23,0,0,0
2021-10-05 08:30,68,50,18,0,0,0
2021-10-05 08:45,52,37,15,0,0,0
2021-10-05 09:00,38,22,16,0,0,0
2021-10-05 09:15,44,27,17,0,0,0
2021-10-05 09:30,44,26,18,0,0,0
2021-10-05 09:45,53,40,13,0,0,0
2021-10-05 10:00,41,21,20,0,0,0
2021-10-05 10:15,41,26,15,0,0,0
2021-10-05 10:30,37,27,10,0,0,0
2021-10-05 10:45,41,24,17,0,0,0
2021-10-05 11:00,31,17,14,0,0,0
2021-10-05 11:15,37,27,10,0,0,0
2021-10-05 11:30,51,31,20,0,0,0
2021-10-05 11:45,53,36,17,0,0,0
2021-10-05 12:00,31,18,13,0,0,0
2021-10-05 12:15,52,23,29,0,0,0
2021-10-05 12:30,48,19,29,0,0,0
2021-10-05 12:45,58,32,26,0,0,0
2021-10-05 13:00,48,26,22,0,0,0
2021-10-05 13:15,58,31,27,0,0,0
2021-10-05 13:30,60,25,35,0,0,0
2021-10-05 13:45,53,22,31,0,0,0
2021-10-05 14:00,56,32,24,0,0,0
2021-10-05 14:15,69,41,28,0,0,0
2021-10-05 14:30,65,37,28,0,0,0
2021-10-05 14:45,61,32,29,0,0,0
2021-10-05 15:00,55,31,24,0,0,0
2021-10-05 15:15,67,40,27,0,0,0
2021-10-05 15:30,78,40,38,0,0,0
2021-10-05 15:45,79,33,46,0,0,0
2021-10-05 16:00,86,45,41,0,0,0
2021-10-05 16:15,86,54,32,0,0,0
2021-10-05 16:30,86,43,43,0,0,0
2021-10-05 16:45,94,52,42,0,0,0
2021-10-05 17:00,94,42,52,0,0,0
2021-10-05 17:15,67,37,30,0,0,0
2021-10-05 17:30,66,30,36,0,0,0
2021-10-05 17:45,71,31,40,0,0,0
2021-10-05 18:00,64,28,36,0,0,0
2021-10-05 18:15,49,18,31,0,0,0
2021-10-05 18:30,48,25,23,0,0,0
2021-10-05 18:45,33,21,12,0,0,0
2021-10-05 19:00,45,20,25,0,0,0
2021-10-05 19:15,35,15,20,0,0,0
2021-10-05 19:30,30,13,17,0,0,0
2021-10-05 19:45,31,18,13,0,0,0
2021-10-05 20:00,22,7,15,0,0,0
2021-10-05 20:15,23,14,9,0,0,0
2021-10-05 20:30,15,9,6,0,0,0
2021-10-05 20:45,12,3,9,0,0,0
2021-10-05 21:00,17,6,11,0,0,0
2021-10-05 21:15,16,8,8,0,0,0
2021-10-05 21:30,12,3,9,0,0,0
2021-10-05 21:45,21,4,17,0,0,0
2021-10-05 22:00,16,6,10,0,0,0
2021-10-05 22:15,10,3,7,0,0,0
2021-10-05 22:30,21,7,14,0,0,0
2021-10-05 22:45,6,0,6,0,0,0
2021-10-05 23:00,7,2,5,0,0,0
2021-10-05 23:15,10,2,8,0,0,0
2021-10-05 23:30,13,5,8,0,0,0
2021-10-05 23:45,7,1,6,0,0,0
2021-10-06 00:00,8,3,5,0,0,0
2021-10-06 00:15,5,0,5,0,0,0
2021-10-06 00:30,3,0,3,0,0,0
2021-10-06 00:45,2,1,1,0,0,0
2021-10-06 01:00,3,0,3,0,0,0
2021-10-06 01:15,3,2,1,0,0,0
2021-10-06 01:30,4,1,3,0,0,0
2021-10-06 01:45,1,0,1,0,0,0
2021-10-06 02:00,2,2,0,0,0,0
2021-10-06 02:15,7,1,6,0,0,0
2021-10-06 02:30,0,0,0,0,0,0
2021-10-06 02:45,8,1,7,0,0,0
2021-10-06 03:00,3,1,2,0,0,0
2021-10-06 03:15,2,0,2,0,0,0
2021-10-06 03:30,1,1,0,0,0,0
2021-10-06 03:45,4,1,3,0,0,0
2021-10-06 04:00,1,0,1,0,0,0
2021-10-06 04:15,4,4,0,0,0,0
2021-10-06 04:30,1,1,0,0,0,0
2021-10-06 04:45,4,3,1,0,0,0
2021-10-06 05:00,3,3,0,0,0,0
2021-10-06 05:15,2,1,1,0,0,0
2021-10-06 05:30,6,2,4,0,0,0
2021-10-06 05:45,15,8,7,0,0,0
2021-10-06 06:00,12,2,10,0,0,0
2021-10-06 06:15,17,6,11,0,0,0
2021-10-06 06:30,27,16,11,0,0,0
2021-10-06 06:45,27,17,10,0,0,0
2021-10-06 07:00,38,26,12,0,0,0
2021-10-06 07:15,52,26,26,0,0,0
2021-10-06 07:30,97,72,25,0,0,0
2021-10-06 07:45,114,88,26,0,0,0
2021-10-06 08:00,72,52,20,0,0,0
2021-10-06 08:15,53,30,23,0,0,0
2021-10-06 08:30,69,44,25,0,0,0
2021-10-06 08:45,39,31,8,0,0,0
2021-10-06 09:00,44,27,17,0,0,0
2021-10-06 09:15,36,29,7,0,0,0
2021-10-06 09:30,24,19,5,0,0,0
2021-10-06 09:45,40,23,17,0,0,0
2021-10-06 10:00,29,16,13,0,0,0
2021-10-06 10:15,29,20,9,0,0,0
2021-10-06 10:30,36,27,9,0,0,0
2021-10-06 10:45,35,24,11,0,0,0
2021-10-06 11:00,38,23,15,0,0,0
2021-10-06 11:15,37,20,17,0,0,0
2021-10-06 11:30,46,25,21,0,0,0
2021-10-06 11:45,39,22,17,0,0,0
2021-10-06 12:00,44,27,17,0,0,0
2021-10-06 12:15,37,14,23,0,0,0
2021-10-06 12:30,44,21,23,0,0,0
2021-10-06 12:45,42,16,26,0,0,0
2021-10-06 13:00,55,23,32,0,0,0
2021-10-06 13:15,40,18,22,0,0,0
2021-10-06 13:30,55,28,27,0,0,0
2021-10-06 13:45,31,11,20,0,0,0
2021-10-06 14:00,41,21,20,0,0,0
2021-10-06 14:15,48,14,34,0,0,0
2021-10-06 14:30,36,12,24,0,0,0
2021-10-06 14:45,50,21,29,0,0,0
2021-10-06 15:00,51,23,28,0,0,0
2021-10-06 15:15,66,41,25,0,0,0
2021-10-06 15:30,49,27,22,0,0,0
2021-10-06 15:45,73,37,36,0,0,0
2021-10-06 16:00,74,32,42,0,0,0
2021-10-06 16:15,60,29,31,0,0,0
2021-10-06 16:30,74,40,34,0,0,0
2021-10-06 16:45,58,41,17,0,0,0
2021-10-06 17:00,47,27,20,0,0,0
2021-10-06 17:15,73,42,31,0,0,0
2021-10-06 17:30,47,28,19,0,0,0
2021-10-06 17:45,54,29,25,0,0,0
2021-10-06 18:00,45,24,21,0,0,0
2021-10-06 18:15,51,28,23,0,0,0
2021-10-06 18:30,35,17,18,0,0,0
2021-10-06 18:45,53,26,27,0,0,0
2021-10-06 19:00,24,14,10,0,0,0
2021-10-06 19:15,25,12,13,0,0,0
2021-10-06 19:30,20,7,13,0,0,0
2021-10-06 19:45,20,11,9,0,0,0
2021-10-06 20:00,20,11,9,0,0,0
2021-10-06 20:15,21,14,7,0,0,0
2021-10-06 20:30,15,11,4,0,0,0
2021-10-06 20:45,13,5,8,0,0,0
2021-10-06 21:00,12,5,7,0,0,0
2021-10-06 21:15,10,3,7,0,0,0
2021-10-06 21:30,15,4,11,0,0,0
2021-10-06 21:45,14,5,9,0,0,0
2021-10-06 22:00,27,7,20,0,0,0
2021-10-06 22:15,13,3,10,0,0,0
2021-10-06 22:30,16,3,13,0,0,0
2021-10-06 22:45,12,2,10,0,0,0
2021-10-06 23:00,6,4,2,0,0,0
2021-10-06 23:15,6,3,3,0,0,0
2021-10-06 23:30,10,2,8,0,0,0
2021-10-06 23:45,5,1,4,0,0,0
2021-10-07 00:00,2,0,2,0,0,0
2021-10-07 00:15,3,0,3,0,0,0
2021-10-07 00:30,2,1,1,0,0,0
2021-10-07 00:45,2,0,2,0,0,0
2021-10-07 01:00,1,0,1,0,0,0
2021-10-07 01:15,14,10,4,0,0,0
2021-10-07 01:30,4,1,3,0,0,0
2021-10-07 01:45,3,0,3,0,0,0
2021-10-07 02:00,3,0,3,0,0,0
2021-10-07 02:15,1,0,1,0,0,0
2021-10-07 02:30,1,0,1,0,0,0
2021-10-07 02:45,3,1,2,0,0,0
2021-10-07 03:00,0,0,0,0,0,0
2021-10-07 03:15,4,1,3,0,0,0
2021-10-07 03:30,1,0,1,0,0,0
2021-10-07 03:45,2,0,2,0,0,0
2021-10-07 04:00,2,0,2,0,0,0
2021-10-07 04:15,2,1,1,0,0,0
2021-10-07 04:30,2,1,1,0,0,0
2021-10-07 04:45,5,2,3,0,0,0
2021-10-07 05:00,2,2,0,0,0,0
2021-10-07 05:15,7,4,3,0,0,0
2021-10-07 05:30,11,3,8,0,0,0
2021-10-07 05:45,19,9,10,0,0,0
2021-10-07 06:00,10,4,6,0,0,0
2021-10-07 06:15,18,11,7,0,0,0
2021-10-07 06:30,33,12,21,0,0,0
2021-10-07 06:45,33,20,13,0,0,0
2021-10-07 07:00,28,20,8,0,0,0
2021-10-07 07:15,52,34,18,0,0,0
2021-10-07 07:30,109,84,25,0,0,0
2021-10-07 07:45,139,108,31,0,0,0
2021-10-07 08:00,79,56,23,0,0,0
2021-10-07 08:15,62,39,23,0,0,0
2021-10-07 08:30,66,48,18,0,0,0
2021-10-07 08:45,62,41,21,0,0,0
2021-10-07 09:00,43,26,17,0,0,0
2021-10-07 09:15,35,20,15,0,0,0
2021-10-07 09:30,38,26,12,0,0,0
2021-10-07 09:45,51,37,14,0,0,0
2021-10-07 10:00,34,26,8,0,0,0
2021-10-07 10:15,32,19,13,0,0,0
2021-10-07 10:30,27,13,14,0,0,0
2021-10-07 10:45,33,20,13,0,0,0
2021-10-07 11:00,29,13,16,0,0,0
2021-10-07 11:15,42,19,23,0,0,0
2021-10-07 11:30,42,24,18,0,0,0
2021-10-07 11:45,35,21,14,0,0,0
2021-10-07 12:00,41,20,21,0,0,0
2021-10-07 12:15,50,23,27,0,0,0
2021-10-07 12:30,45,18,27,0,0,0
2021-10-07 12:45,41,16,25,0,0,0
2021-10-07 13:00,51,27,24,0,0,0
2021-10-07 13:15,55,31,24,0,0,0
2021-10-07 13:30,62,28,34,0,0,0
2021-10-07 13:45,59,27,32,0,0,0
2021-10-07 14:00,70,48,22,0,0,0
2021-10-07 14:15,58,34,24,0,0,0
2021-10-07 14:30,47,27,20,0,0,0
2021-10-07 14:45,66,40,26,0,0,0
2021-10-07 15:00,81,37,44,0,0,0
2021-10-07 15:15,59,40,19,0,0,0
2021-10-07 15:30,67,31,36,0,0,0
2021-10-07 15:45,94,53,41,0,0,0
2021-10-07 16:00,87,47,40,0,0,0
2021-10-07 16:15,89,38,51,0,0,0
2021-10-07 16:30,68,37,31,0,0,0
2021-10-07 16:45,73,50,23,0,0,0
2021-10-07 17:00,98,59,39,0,0,0
2021-10-07 17:15,88,54,34,0,0,0
2021-10-07 17:30,54,28,26,0,0,0
2021-10-07 17:45,62,40,22,0,0,0
2021-10-07 18:00,71,29,42,0,0,0
2021-10-07 18:15,69,30,39,0,0,0
2021-10-07 18:30,64,29,35,0,0,0
2021-10-07 18:45,72,43,29,0,0,0
2021-10-07 19:00,34,19,15,0,0,0
2021-10-07 19:15,50,24,26,0,0,0
2021-10-07 19:30,38,17,21,0,0,0
2021-10-07 19:45,40,16,24,0,0,0
2021-10-07 20:00,24,15,9,0,0,0
2021-10-07 20:15,15,7,8,0,0,0
2021-10-07 20:30,21,17,4,0,0,0
2021-10-07 20:45,23,11,12,0,0,0
2021-10-07 21:00,15,6,9,0,0,0
2021-10-07 21:15,25,7,18,0,0,0
2021-10-07 21:30,28,11,17,0,0,0
2021-10-07 21:45,22,5,17,0,0,0
2021-10-07 22:00,15,5,10,0,0,0
2021-10-07 22:15,21,4,17,0,0,0
2021-10-07 22:30,6,1,5,0,0,0
2021-10-07 22:45,11,3,8,0,0,0
2021-10-07 23:00,8,1,7,0,0,0
2021-10-07 23:15,9,3,6,0,0,0
2021-10-07 23:30,6,0,6,0,0,0
2021-10-07 23:45,5,1,4,0,0,0
2021-10-08 00:00,5,1,4,0,0,0
2021-10-08 00:15,6,3,3,0,0,0
2021-10-08 00:30,5,0,5,0,0,0
2021-10-08 00:45,3,0,3,0,0,0
2021-10-08 01:00,3,0,3,0,0,0
2021-10-08 01:15,6,0,6,0,0,0
2021-10-08 01:30,1,0,1,0,0,0
2021-10-08 01:45,9,1,8,0,0,0
2021-10-08 02:00,7,1,6,0,0,0
2021-10-08 02:15,8,0,8,0,0,0
2021-10-08 02:30,2,0,2,0,0,0
2021-10-08 02:45,2,1,1,0,0,0
2021-10-08 03:00,0,0,0,0,0,0
2021-10-08 03:15,2,0,2,0,0,0
2021-10-08 03:30,3,0,3,0,0,0
2021-10-08 03:45,0,0,0,0,0,0
2021-10-08 04:00,1,0,1,0,0,0
2021-10-08 04:15,2,1,1,0,0,0
2021-10-08 04:30,2,1,1,0,0,0
2021-10-08 04:45,4,3,1,0,0,0
2021-10-08 05:00,0,0,0,0,0,0
2021-10-08 05:15,7,5,2,0,0,0
2021-10-08 05:30,10,2,8,0,0,0
2021-10-08 05:45,16,7,9,0,0,0
2021-10-08 06:00,10,4,6,0,0,0
2021-10-08 06:15,19,10,9,0,0,0
2021-10-08 06:30,28,17,11,0,0,0
2021-10-08 06:45,31,16,15,0,0,0
2021-10-08 07:00,36,20,16,0,0,0
2021-10-08 07:15,30,18,12,0,0,0
2021-10-08 07:30,84,58,26,0,0,0
2021-10-08 07:45,119,94,25,0,0,0
2021-10-08 08:00,74,51,23,0,0,0
2021-10-08 08:15,42,25,17,0,0,0
2021-10-08 08:30,53,36,17,0,0,0
2021-10-08 08:45,59,39,20,0,0,0
2021-10-08 09:00,36,24,12,0,0,0
2021-10-08 09:15,27,17,10,0,0,0
2021-10-08 09:30,43,32,11,0,0,0
2021-10-08 09:45,45,28,17,0,0,0
2021-10-08 10:00,33,20,13,0,0,0
2021-10-08 10:15,44,28,16,0,0,0
2021-10-08 10:30,28,20,8,0,0,0
2021-10-08 10:45,48,27,21,0,0,0
2021-10-08 11:00,39,19,20,0,0,0
2021-10-08 11:15,61,42,19,0,0,0
2021-10-08 11:30,46,29,17,0,0,0
2021-10-08 11:45,44,27,17,0,0,0
2021-10-08 12:00,35,24,11,0,0,0
2021-10-08 12:15,61,39,22,0,0,0
2021-10-08 12:30,72,41,31,0,0,0
2021-10-08 12:45,54,29,25,0,0,0
2021-10-08 13:00,71,37,34,0,0,0
2021-10-08 13:15,59,28,31,0,0,0
2021-10-08 13:30,88,37,51,0,0,0
2021-10-08 13:45,71,37,34,0,0,0
2021-10-08 14:00,73,42,31,0,0,0
2021-10-08 14:15,62,37,25,0,0,0
2021-10-08 14:30,67,38,29,0,0,0
2021-10-08 14:45,79,43,36,0,0,0
2021-10-08 15:00,67,32,35,0,0,0
2021-10-08 15:15,76,48,28,0,0,0
2021-10-08 15:30,62,31,31,0,0,0
2021-10-08 15:45,78,46,32,0,0,0
2021-10-08 16:00,56,35,21,0,0,0
2021-10-08 16:15,67,39,28,0,0,0
2021-10-08 16:30,65,38,27,0,0,0
2021-10-08 16:45,49,31,18,0,0,0
2021-10-08 17:00,69,42,27,0,0,0
2021-10-08 17:15,66,34,32,0,0,0
2021-10-08 17:30,70,48,22,0,0,0
2021-10-08 17:45,64,32,32,0,0,0
2021-10-08 18:00,62,31,31,0,0,0
2021-10-08 18:15,53,26,27,0,0,0
2021-10-08 18:30,56,26,30,0,0,0
2021-10-08 18:45,46,28,18,0,0,0
2021-10-08 19:00,52,29,23,0,0,0
2021-10-08 19:15,43,14,29,0,0,0
2021-10-08 19:30,44,24,20,0,0,0
2021-10-08 19:45,36,20,16,0,0,0
2021-10-08 20:00,47,23,24,0,0,0
2021-10-08 20:15,30,13,17,0,0,0
2021-10-08 20:30,34,15,19,0,0,0
2021-10-08 20:45,16,8,8,0,0,0
2021-10-08 21:00,27,13,14,0,0,0
2021-10-08 21:15,16,10,6,0,0,0
2021-10-08 21:30,25,5,20,0,0,0
2021-10-08 21:45,26,8,18,0,0,0
2021-10-08 22:00,13,3,10,0,0,0
2021-10-08 22:15,24,7,17,0,0,0
2021-10-08 22:30,14,5,9,0,0,0
2021-10-08 22:45,20,10,10,0,0,0
2021-10-08 23:00,17,2,15,0,0,0
2021-10-08 23:15,10,4,6,0,0,0
2021-10-08 23:30,9,0,9,0,0,0
2021-10-08 23:45,13,5,8,0,0,0
2021-10-09 00:00,8,0,8,0,0,0
2021-10-09 00:15,13,3,10,0,0,0
2021-10-09 00:30,7,3,4,0,0,0
2021-10-09 00:45,9,5,4,0,0,0
2021-10-09 01:00,9,6,3,0,0,0
2021-10-09 01:15,11,1,10,0,0,0
2021-10-09 01:30,10,3,7,0,0,0
2021-10-09 01:45,7,1,6,0,0,0
2021-10-09 02:00,10,4,6,0,0,0
2021-10-09 02:15,4,0,4,0,0,0
2021-10-09 02:30,7,2,5,0,0,0
2021-10-09 02:45,10,3,7,0,0,0
2021-10-09 03:00,6,1,5,0,0,0
2021-10-09 03:15,5,2,3,0,0,0
2021-10-09 03:30,6,2,4,0,0,0
2021-10-09 03:45,4,1,3,0,0,0
2021-10-09 04:00,1,1,0,0,0,0
2021-10-09 04:15,0,0,0,0,0,0
2021-10-09 04:30,2,1,1,0,0,0
2021-10-09 04:45,1,1,0,0,0,0
2021-10-09 05:00,4,4,0,0,0,0
2021-10-09 05:15,5,3,2,0,0,0
2021-10-09 05:30,1,0,1,0,0,0
2021-10-09 05:45,8,6,2,0,0,0
2021-10-09 06:00,6,4,2,0,0,0
2021-10-09 06:15,5,2,3,0,0,0
2021-10-09 06:30,11,8,3,0,0,0
2021-10-09 06:45,5,2,3,0,0,0
2021-10-09 07:00,7,4,3,0,0,0
2021-10-09 07:15,8,5,3,0,0,0
2021-10-09 07:30,6,4,2,0,0,0
2021-10-09 07:45,10,7,3,0,0,0
2021-10-09 08:00,5,3,2,0,0,0
2021-10-09 08:15,19,17,2,0,0,0
2021-10-09 08:30,19,15,4,0,0,0
2021-10-09 08:45,22,19,3,0,0,0
2021-10-09 09:00,25,20,5,0,0,0
2021-10-09 09:15,30,23,7,0,0,0
2021-10-09 09:30,41,36,5,0,0,0
2021-10-09 09:45,36,27,9,0,0,0
2021-10-09 10:00,29,19,10,0,0,0
2021-10-09 10:15,43,32,11,0,0,0
2021-10-09 10:30,36,26,10,0,0,0
2021-10-09 10:45,59,36,23,0,0,0
2021-10-09 11:00,44,29,15,0,0,0
2021-10-09 11:15,56,35,21,0,0,0
2021-10-09 11:30,60,40,20,0,0,0
2021-10-09 11:45,66,47,19,0,0,0
2021-10-09 12:00,56,34,22,0,0,0
2021-10-09 12:15,57,34,23,0,0,0
2021-10-09 12:30,55,35,20,0,0,0
2021-10-09 12:45,69,49,20,0,0,0
2021-10-09 13:00,68,36,32,0,0,0
2021-10-09 13:15,48,29,19,0,0,0
2021-10-09 13:30,57,31,26,0,0,0
2021-10-09 13:45,40,25,15,0,0,0
2021-10-09 14:00,64,27,37,0,0,0
2021-10-09 14:15,43,20,23,0,0,0
2021-10-09 14:30,60,25,35,0,0,0
2021-10-09 14:45,46,23,23,0,0,0
2021-10-09 15:00,53,28,25,0,0,0
2021-10-09 15:15,47,24,23,0,0,0
2021-10-09 15:30,59,36,23,0,0,0
2021-10-09 15:45,38,24,14,0,0,0
2021-10-09 16:00,59,34,25,0,0,0
2021-10-09 16:15,38,22,16,0,0,0
2021-10-09 16:30,53,25,28,0,0,0
2021-10-09 16:45,37,20,17,0,0,0
2021-10-09 17:00,46,24,22,0,0,0
2021-10-09 17:15,49,28,21,0,0,0
2021-10-09 17:30,57,34,23,0,0,0
2021-10-09 17:45,75,47,28,0,0,0
2021-10-09 18:00,52,19,33,0,0,0
2021-10-09 18:15,43,19,24,0,0,0
2021-10-09 18:30,36,21,15,0,0,0
2021-10-09 18:45,52,33,19,0,0,0
2021-10-09 19:00,30,18,12,0,0,0
2021-10-09 19:15,45,27,18,0,0,0
2021-10-09 19:30,23,14,9,0,0,0
2021-10-09 19:45,33,12,21,0,0,0
2021-10-09 20:00,32,10,22,0,0,0
2021-10-09 20:15,19,10,9,0,0,0
2021-10-09 20:30,29,13,16,0,0,0
2021-10-09 20:45,20,14,6,0,0,0
2021-10-09 21:00,18,6,12,0,0,0
2021-10-09 21:15,19,11,8,0,0,0
2021-10-09 21:30,8,1,7,0,0,0
2021-10-09 21:45,25,15,10,0,0,0
2021-10-09 22:00,9,4,5,0,0,0
2021-10-09 22:15,17,5,12,0,0,0
2021-10-09 22:30,2,1,1,0,0,0
2021-10-09 22:45,10,0,10,0,0,0
2021-10-09 23:00,16,10,6,0,0,0
2021-10-09 23:15,16,8,8,0,0,0
2021-10-09 23:30,19,2,17,0,0,0
2021-10-09 23:45,11,7,4,0,0,0
2021-10-10 00:00,7,7,,0,0,
2021-10-10 00:15,9,9,,0,0,
2021-10-10 00:30,2,2,,0,0,
2021-10-10 00:45,8,8,,0,0,
2021-10-10 01:00,1,1,,0,0,
2021-10-10 01:15,4,4,,0,0,
2021-10-10 01:30,4,4,,0,0,
2021-10-10 01:45,8,8,,0,0,
2021-10-10 02:00,9,9,,0,0,
2021-10-10 02:15,3,3,,0,0,
2021-10-10 02:30,3,3,,0,0,
2021-10-10 02:45,0,0,,0,0,
2021-10-10 03:00,1,1,,0,0,
2021-10-10 03:15,1,1,,0,0,
2021-10-10 03:30,0,0,,0,0,
2021-10-10 03:45,1,1,,0,0,
2021-10-10 04:00,0,0,,0,0,
2021-10-10 04:15,4,4,,0,0,
2021-10-10 04:30,0,0,,0,0,
2021-10-10 04:45,0,0,,0,0,
2021-10-10 05:00,3,3,,0,0,
2021-10-10 05:15,2,2,,0,0,
2021-10-10 05:30,2,2,,0,0,
2021-10-10 05:45,1,1,,0,0,
2021-10-10 06:00,2,2,,0,0,
2021-10-10 06:15,1,1,,0,0,
2021-10-10 06:30,1,1,,0,0,
2021-10-10 06:45,1,1,,0,0,
2021-10-10 07:00,4,4,,0,0,
2021-10-10 07:15,0,0,,0,0,
2021-10-10 07:30,3,3,,0,0,
2021-10-10 07:45,1,1,,0,0,
2021-10-10 08:00,1,1,,0,0,
2021-10-10 08:15,4,4,,0,0,
2021-10-10 08:30,4,4,,0,0,
2021-10-10 08:45,6,6,,0,0,
2021-10-10 09:00,4,4,,0,0,
2021-10-10 09:15,4,4,,0,0,
2021-10-10 09:30,8,8,,0,0,
2021-10-10 09:45,17,17,,0,0,
2021-10-10 10:00,7,7,,0,0,
2021-10-10 10:15,4,4,,0,0,
2021-10-10 10:30,9,9,,0,0,
2021-10-10 10:45,11,11,,0,0,
2021-10-10 11:00,16,16,,0,0,
2021-10-10 11:15,11,11,,0,0,
2021-10-10 11:30,10,10,,0,0,
2021-10-10 11:45,17,17,,0,0,
2021-10-10 12:00,5,5,,0,0,
2021-10-10 12:15,12,12,,0,0,
2021-10-10 12:30,10,10,,0,0,
2021-10-10 12:45,19,19,,0,0,
2021-10-10 13:00,19,19,,0,0,
2021-10-10 13:15,12,12,,0,0,
2021-10-10 13:30,17,17,,0,0,
2021-10-10 13:45,22,22,,0,0,
2021-10-10 14:00,21,21,,0,0,
2021-10-10 14:15,16,16,,0,0,
2021-10-10 14:30,19,19,,0,0,
2021-10-10 14:45,30,30,,0,0,
2021-10-10 15:00,28,28,,0,0,
2021-10-10 15:15,22,22,,0,0,
2021-10-10 15:30,19,19,,0,0,
2021-10-10 15:45,27,27,,0,0,
2021-10-10 16:00,22,22,,0,0,
2021-10-10 16:15,12,12,,0,0,
2021-10-10 16:30,15,15,,0,0,
2021-10-10 16:45,27,27,,0,0,
2021-10-10 17:00,21,21,,0,0,
2021-10-10 17:15,19,19,,0,0,
2021-10-10 17:30,29,29,,0,0,
2021-10-10 17:45,33,33,,0,0,
2021-10-10 18:00,20,20,,0,0,
2021-10-10 18:15,21,21,,0,0,
2021-10-10 18:30,11,11,,0,0,
2021-10-10 18:45,7,7,,0,0,
2021-10-10 19:00,15,15,,0,0,
2021-10-10 19:15,15,15,,0,0,
2021-10-10 19:30,10,10,,0,0,
2021-10-10 19:45,10,10,,0,0,
2021-10-10 20:00,13,13,,0,0,
2021-10-10 20:15,6,6,,0,0,
2021-10-10 20:30,6,6,,0,0,
2021-10-10 20:45,8,8,,0,0,
2021-10-10 21:00,5,5,,0,0,
2021-10-10 21:15,5,5,,0,0,
2021-10-10 21:30,4,4,,0,0,
2021-10-10 21:45,6,6,,0,0,
2021-10-10 22:00,2,2,,0,0,
2021-10-10 22:15,4,4,,0,0,
2021-10-10 22:30,5,5,,0,0,
2021-10-10 22:45,2,2,,0,0,
2021-10-10 23:00,2,2,,0,0,
2021-10-10 23:15,4,4,,0,0,
2021-10-10 23:30,4,4,,0,0,
2021-10-10 23:45,9,9,,0,0,
