Datetime,100034983 (Warendorfer Straße),101034983 (Warendorfer Straße stadteinwärts),102034983 (Warendorfer Straße stadtauswärts),100034983-status,101034983-status,102034983-status
2022-01-01 00:00,5,3,2,0,0,0
2022-01-01 00:15,6,5,1,0,0,0
2022-01-01 00:30,12,7,5,0,0,0
2022-01-01 00:45,21,14,7,0,0,0
2022-01-01 01:00,14,5,9,0,0,0
2022-01-01 01:15,21,12,9,0,0,0
2022-01-01 01:30,12,5,7,0,0,0
2022-01-01 01:45,30,13,17,0,0,0
2022-01-01 02:00,23,12,11,0,0,0
2022-01-01 02:15,29,19,10,0,0,0
2022-01-01 02:30,35,27,8,0,0,0
2022-01-01 02:45,20,15,5,0,0,0
2022-01-01 03:00,28,13,15,0,0,0
2022-01-01 03:15,42,17,25,0,0,0
2022-01-01 03:30,26,15,11,0,0,0
2022-01-01 03:45,38,21,17,0,0,0
2022-01-01 04:00,20,8,12,0,0,0
2022-01-01 04:15,16,9,7,0,0,0
2022-01-01 04:30,15,12,3,0,0,0
2022-01-01 04:45,22,11,11,0,0,0
2022-01-01 05:00,13,10,3,0,0,0
2022-01-01 05:15,12,6,6,0,0,0
2022-01-01 05:30,12,9,3,0,0,0
2022-01-01 05:45,14,6,8,0,0,0
2022-01-01 06:00,6,2,4,0,0,0
2022-01-01 06:15,12,8,4,0,0,0
2022-01-01 06:30,8,4,4,0,0,0
2022-01-01 06:45,11,6,5,0,0,0
2022-01-01 07:00,3,1,2,0,0,0
2022-01-01 07:15,2,0,2,0,0,0
2022-01-01 07:30,5,3,2,0,0,0
2022-01-01 07:45,3,2,1,0,0,0
2022-01-01 08:00,1,0,1,0,0,0
2022-01-01 08:15,6,5,1,0,0,0
2022-01-01 08:30,6,2,4,0,0,0
2022-01-01 08:45,9,6,3,0,0,0
2022-01-01 09:00,10,6,4,0,0,0
2022-01-01 09:15,4,0,4,0,0,0
2022-01-01 09:30,9,6,3,0,0,0
2022-01-01 09:45,9,4,5,0,0,0
2022-01-01 10:00,9,3,6,0,0,0
2022-01-01 10:15,8,3,5,0,0,0
2022-01-01 10:30,6,3,3,0,0,0
2022-01-01 10:45,12,6,6,0,0,0
2022-01-01 11:00,15,11,4,0,0,0
2022-01-01 11:15,16,12,4,0,0,0
2022-01-01 11:30,19,17,2,0,0,0
2022-01-01 11:45,17,13,4,0,0,0
2022-01-01 12:00,23,15,8,0,0,0
2022-01-01 12:15,32,23,9,0,0,0
2022-01-01 12:30,18,14,4,0,0,0
2022-01-01 12:45,39,28,11,0,0,0
2022-01-01 13:00,34,22,12,0,0,0
2022-01-01 13:15,28,17,11,0,0,0
2022-01-01 13:30,39,19,20,0,0,0
2022-01-01 13:45,35,15,20,0,0,0
2022-01-01 14:00,42,27,15,0,0,0
2022-01-01 14:15,25,15,10,0,0,0
2022-01-01 14:30,38,24,14,0,0,0
2022-01-01 14:45,54,37,17,0,0,0
2022-01-01 15:00,42,26,16,0,0,0
2022-01-01 15:15,37,22,15,0,0,0
2022-01-01 15:30,37,29,8,0,0,0
2022-01-01 15:45,55,37,18,0,0,0
2022-01-01 16:00,54,33,21,0,0,0
2022-01-01 16:15,34,18,16,0,0,0
2022-01-01 16:30,38,22,16,0,0,0
2022-01-01 16:45,51,24,27,0,0,0
2022-01-01 17:00,43,17,26,0,0,0
2022-01-01 17:15,35,20,15,0,0,0
2022-01-01 17:30,45,29,16,0,0,0
2022-01-01 17:45,33,16,17,0,0,0
2022-01-01 18:00,41,23,18,0,0,0
2022-01-01 18:15,34,16,18,0,0,0
2022-01-01 18:30,12,8,4,0,0,0
2022-01-01 18:45,20,16,4,0,0,0
2022-01-01 19:00,15,5,10,0,0,0
2022-01-01 19:15,22,17,5,0,0,0
2022-01-01 19:30,22,20,2,0,0,0
2022-01-01 19:45,25,16,9,0,0,0
2022-01-01 20:00,20,11,9,0,0,0
2022-01-01 20:15,23,8,15,0,0,0
2022-01-01 20:30,13,5,8,0,0,0
2022-01-01 20:45,16,12,4,0,0,0
2022-01-01 21:00,15,4,11,0,0,0
2022-01-01 21:15,11,4,7,0,0,0
2022-01-01 21:30,4,2,2,0,0,0
2022-01-01 21:45,10,8,2,0,0,0
2022-01-01 22:00,5,1,4,0,0,0
2022-01-01 22:15,3,1,2,0,0,0
2022-01-01 22:30,11,8,3,0,0,0
2022-01-01 22:45,10,5,5,0,0,0
2022-01-01 23:00,2,2,0,0,0,0
2022-01-01 23:15,3,0,3,0,0,0
2022-01-01 23:30,5,3,2,0,0,0
2022-01-01 23:45,1,0,1,0,0,0
2022-01-02 00:00,5,1,4,0,0,0
2022-01-02 00:15,3,2,1,0,0,0
2022-01-02 00:30,5,4,1,0,0,0
2022-01-02 00:45,4,1,3,0,0,0
2022-01-02 01:00,5,3,2,0,0,0
2022-01-02 01:15,6,5,1,0,0,0
2022-01-02 01:30,2,2,0,0,0,0
2022-01-02 01:45,1,0,1,0,0,0
2022-01-02 02:00,1,0,1,0,0,0
2022-01-02 02:15,1,1,0,0,0,0
2022-01-02 02:30,0,0,0,0,0,0
2022-01-02 02:45,0,0,0,0,0,0
2022-01-02 03:00,2,1,1,0,0,0
2022-01-02 03:15,0,0,0,0,0,0
2022-01-02 03:30,1,0,1,0,0,0
2022-01-02 03:45,0,0,0,0,0,0
2022-01-02 04:00,1,0,1,0,0,0
2022-01-02 04:15,0,0,0,0,0,0
2022-01-02 04:30,0,0,0,0,0,0
2022-01-02 04:45,0,0,0,0,0,0
2022-01-02 05:00,0,0,0,0,0,0
2022-01-02 05:15,2,1,1,0,0,0
2022-01-02 05:30,9,6,3,0,0,0
2022-01-02 05:45,5,0,5,0,0,0
2022-01-02 06:00,3,1,2,0,0,0
2022-01-02 06:15,3,2,1,0,0,0
2022-01-02 06:30,5,5,0,0,0,0
2022-01-02 06:45,7,4,3,0,0,0
2022-01-02 07:00,2,2,0,0,0,0
2022-01-02 07:15,1,0,1,0,0,0
2022-01-02 07:30,4,3,1,0,0,0
2022-01-02 07:45,5,2,3,0,0,0
2022-01-02 08:00,9,6,3,0,0,0
2022-01-02 08:15,5,4,1,0,0,0
2022-01-02 08:30,8,2,6,0,0,0
2022-01-02 08:45,10,6,4,0,0,0
2022-01-02 09:00,12,5,7,0,0,0
2022-01-02 09:15,14,12,2,0,0,0
2022-01-02 09:30,7,5,2,0,0,0
2022-01-02 09:45,26,22,4,0,0,0
2022-01-02 10:00,19,13,6,0,0,0
2022-01-02 10:15,18,15,3,0,0,0
2022-01-02 10:30,24,13,11,0,0,0
2022-01-02 10:45,15,9,6,0,0,0
2022-01-02 11:00,41,25,16,0,0,0
2022-01-02 11:15,21,15,6,0,0,0
2022-01-02 11:30,25,15,10,0,0,0
2022-01-02 11:45,19,9,10,0,0,0
2022-01-02 12:00,24,17,7,0,0,0
2022-01-02 12:15,30,20,10,0,0,0
2022-01-02 12:30,26,16,10,0,0,0
2022-01-02 12:45,43,35,8,0,0,0
2022-01-02 13:00,35,29,6,0,0,0
2022-01-02 13:15,41,18,23,0,0,0
2022-01-02 13:30,40,27,13,0,0,0
2022-01-02 13:45,40,21,19,0,0,0
2022-01-02 14:00,35,23,12,0,0,0
2022-01-02 14:15,39,18,21,0,0,0
2022-01-02 14:30,48,27,21,0,0,0
2022-01-02 14:45,41,27,14,0,0,0
2022-01-02 15:00,41,25,16,0,0,0
2022-01-02 15:15,42,28,14,0,0,0
2022-01-02 15:30,43,20,23,0,0,0
2022-01-02 15:45,42,22,20,0,0,0
2022-01-02 16:00,41,25,16,0,0,0
2022-01-02 16:15,47,24,23,0,0,0
2022-01-02 16:30,40,25,15,0,0,0
2022-01-02 16:45,53,22,31,0,0,0
2022-01-02 17:00,42,24,18,0,0,0
2022-01-02 17:15,24,7,17,0,0,0
2022-01-02 17:30,24,12,12,0,0,0
2022-01-02 17:45,39,20,19,0,0,0
2022-01-02 18:00,41,23,18,0,0,0
2022-01-02 18:15,37,21,16,0,0,0
2022-01-02 18:30,28,14,14,0,0,0
2022-01-02 18:45,38,20,18,0,0,0
2022-01-02 19:00,26,10,16,0,0,0
2022-01-02 19:15,37,23,14,0,0,0
2022-01-02 19:30,31,9,22,0,0,0
2022-01-02 19:45,34,12,22,0,0,0
2022-01-02 20:00,27,14,13,0,0,0
2022-01-02 20:15,21,14,7,0,0,0
2022-01-02 20:30,12,7,5,0,0,0
2022-01-02 20:45,16,10,6,0,0,0
2022-01-02 21:00,22,11,11,0,0,0
2022-01-02 21:15,18,7,11,0,0,0
2022-01-02 21:30,10,5,5,0,0,0
2022-01-02 21:45,4,2,2,0,0,0
2022-01-02 22:00,4,2,2,0,0,0
2022-01-02 22:15,12,11,1,0,0,0
2022-01-02 22:30,18,14,4,0,0,0
2022-01-02 22:45,4,3,1,0,0,0
2022-01-02 23:00,7,2,5,0,0,0
2022-01-02 23:15,8,2,6,0,0,0
2022-01-02 23:30,1,1,0,0,0,0
2022-01-02 23:45,6,0,6,0,0,0
2022-01-03 00:00,4,4,0,0,0,0
2022-01-03 00:15,5,4,1,0,0,0
2022-01-03 00:30,6,4,2,0,0,0
2022-01-03 00:45,4,1,3,0,0,0
2022-01-03 01:00,3,2,1,0,0,0
2022-01-03 01:15,1,0,1,0,0,0
2022-01-03 01:30,3,3,0,0,0,0
2022-01-03 01:45,5,4,1,0,0,0
2022-01-03 02:00,1,1,0,0,0,0
2022-01-03 02:15,0,0,0,0,0,0
2022-01-03 02:30,2,1,1,0,0,0
2022-01-03 02:45,1,0,1,0,0,0
2022-01-03 03:00,0,0,0,0,0,0
2022-01-03 03:15,2,1,1,0,0,0
2022-01-03 03:30,1,1,0,0,0,0
2022-01-03 03:45,2,1,1,0,0,0
2022-01-03 04:00,0,0,0,0,0,0
2022-01-03 04:15,2,2,0,0,0,0
2022-01-03 04:30,0,0,0,0,0,0
2022-01-03 04:45,1,0,1,0,0,0
2022-01-03 05:00,1,0,1,0,0,0
2022-01-03 05:15,6,5,1,0,0,0
2022-01-03 05:30,13,6,7,0,0,0
2022-01-03 05:45,12,6,6,0,0,0
2022-01-03 06:00,11,7,4,0,0,0
2022-01-03 06:15,10,7,3,0,0,0
2022-01-03 06:30,34,19,15,0,0,0
2022-01-03 06:45,46,30,16,0,0,0
2022-01-03 07:00,49,31,18,0,0,0
2022-01-03 07:15,72,33,39,0,0,0
2022-01-03 07:30,80,57,23,0,0,0
2022-01-03 07:45,99,56,43,0,0,0
2022-01-03 08:00,72,44,28,0,0,0
2022-01-03 08:15,90,63,27,0,0,0
2022-01-03 08:30,70,52,18,0,0,0
2022-01-03 08:45,69,54,15,0,0,0
2022-01-03 09:00,72,55,17,0,0,0
2022-01-03 09:15,64,43,21,0,0,0
2022-01-03 09:30,68,47,21,0,0,0
2022-01-03 09:45,80,50,30,0,0,0
2022-01-03 10:00,71,52,19,0,0,0
2022-01-03 10:15,67,50,17,0,0,0
2022-01-03 10:30,75,61,14,0,0,0
2022-01-03 10:45,70,40,30,0,0,0
2022-01-03 11:00,81,54,27,0,0,0
2022-01-03 11:15,83,55,28,0,0,0
2022-01-03 11:30,65,42,23,0,0,0
2022-01-03 11:45,67,38,29,0,0,0
2022-01-03 12:00,84,52,32,0,0,0
2022-01-03 12:15,75,44,31,0,0,0
2022-01-03 12:30,76,43,33,0,0,0
2022-01-03 12:45,76,42,34,0,0,0
2022-01-03 13:00,99,67,32,0,0,0
2022-01-03 13:15,61,38,23,0,0,0
2022-01-03 13:30,88,50,38,0,0,0
2022-01-03 13:45,105,62,43,0,0,0
2022-01-03 14:00,99,59,40,0,0,0
2022-01-03 14:15,97,54,43,0,0,0
2022-01-03 14:30,114,61,53,0,0,0
2022-01-03 14:45,124,74,50,0,0,0
2022-01-03 15:00,105,59,46,0,0,0
2022-01-03 15:15,115,67,48,0,0,0
2022-01-03 15:30,119,73,46,0,0,0
2022-01-03 15:45,116,66,50,0,0,0
2022-01-03 16:00,146,71,75,0,0,0
2022-01-03 16:15,100,53,47,0,0,0
2022-01-03 16:30,132,69,63,0,0,0
2022-01-03 16:45,122,59,63,0,0,0
2022-01-03 17:00,104,48,56,0,0,0
2022-01-03 17:15,99,58,41,0,0,0
2022-01-03 17:30,100,44,56,0,0,0
2022-01-03 17:45,102,57,45,0,0,0
2022-01-03 18:00,87,34,53,0,0,0
2022-01-03 18:15,89,36,53,0,0,0
2022-01-03 18:30,80,24,56,0,0,0
2022-01-03 18:45,68,23,45,0,0,0
2022-01-03 19:00,56,21,35,0,0,0
2022-01-03 19:15,55,22,33,0,0,0
2022-01-03 19:30,49,21,28,0,0,0
2022-01-03 19:45,45,21,24,0,0,0
2022-01-03 20:00,45,18,27,0,0,0
2022-01-03 20:15,39,14,25,0,0,0
2022-01-03 20:30,26,15,11,0,0,0
2022-01-03 20:45,25,9,16,0,0,0
2022-01-03 21:00,15,6,9,0,0,0
2022-01-03 21:15,17,12,5,0,0,0
2022-01-03 21:30,25,11,14,0,0,0
2022-01-03 21:45,7,2,5,0,0,0
2022-01-03 22:00,10,7,3,0,0,0
2022-01-03 22:15,25,10,15,0,0,0
2022-01-03 22:30,15,6,9,0,0,0
2022-01-03 22:45,16,11,5,0,0,0
2022-01-03 23:00,12,9,3,0,0,0
2022-01-03 23:15,14,3,11,0,0,0
2022-01-03 23:30,11,4,7,0,0,0
2022-01-03 23:45,9,3,6,0,0,0
2022-01-04 00:00,12,0,12,0,0,0
2022-01-04 00:15,11,8,3,0,0,0
2022-01-04 00:30,6,2,4,0,0,0
2022-01-04 00:45,3,0,3,0,0,0
2022-01-04 01:00,7,2,5,0,0,0
2022-01-04 01:15,2,2,0,0,0,0
2022-01-04 01:30,4,1,3,0,0,0
2022-01-04 01:45,2,1,1,0,0,0
2022-01-04 02:00,3,3,0,0,0,0
2022-01-04 02:15,0,0,0,0,0,0
2022-01-04 02:30,3,2,1,0,0,0
2022-01-04 02:45,1,0,1,0,0,0
2022-01-04 03:00,2,1,1,0,0,0
2022-01-04 03:15,0,0,0,0,0,0
2022-01-04 03:30,3,1,2,0,0,0
2022-01-04 03:45,0,0,0,0,0,0
2022-01-04 04:00,2,1,1,0,0,0
2022-01-04 04:15,2,1,1,0,0,0
2022-01-04 04:30,0,0,0,0,0,0
2022-01-04 04:45,0,0,0,0,0,0
2022-01-04 05:00,2,0,2,0,0,0
2022-01-04 05:15,3,3,0,0,0,0
2022-01-04 05:30,13,5,8,0,0,0
2022-01-04 05:45,17,6,11,0,0,0
2022-01-04 06:00,10,4,6,0,0,0
2022-01-04 06:15,17,12,5,0,0,0
2022-01-04 06:30,41,18,23,0,0,0
2022-01-04 06:45,71,45,26,0,0,0
2022-01-04 07:00,59,35,24,0,0,0
2022-01-04 07:15,60,26,34,0,0,0
2022-01-04 07:30,91,64,27,0,0,0
2022-01-04 07:45,122,70,52,0,0,0
2022-01-04 08:00,101,79,22,0,0,0
2022-01-04 08:15,82,60,22,0,0,0
2022-01-04 08:30,87,63,24,0,0,0
2022-01-04 08:45,110,81,29,0,0,0
2022-01-04 09:00,66,45,21,0,0,0
2022-01-04 09:15,73,51,22,0,0,0
2022-01-04 09:30,56,40,16,0,0,0
2022-01-04 09:45,90,63,27,0,0,0
2022-01-04 10:00,80,55,25,0,0,0
2022-01-04 10:15,71,48,23,0,0,0
2022-01-04 10:30,73,53,20,0,0,0
2022-01-04 10:45,94,59,35,0,0,0
2022-01-04 11:00,78,53,25,0,0,0
2022-01-04 11:15,87,57,30,0,0,0
2022-01-04 11:30,93,56,37,0,0,0
2022-01-04 11:45,122,70,52,0,0,0
2022-01-04 12:00,80,43,37,0,0,0
2022-01-04 12:15,89,50,39,0,0,0
2022-01-04 12:30,92,52,40,0,0,0
2022-01-04 12:45,100,56,44,0,0,0
2022-01-04 13:00,85,52,33,0,0,0
2022-01-04 13:15,77,39,38,0,0,0
2022-01-04 13:30,101,50,51,0,0,0
2022-01-04 13:45,87,47,40,0,0,0
2022-01-04 14:00,82,46,36,0,0,0
2022-01-04 14:15,90,39,51,0,0,0
2022-01-04 14:30,78,51,27,0,0,0
2022-01-04 14:45,121,76,45,0,0,0
2022-01-04 15:00,82,35,47,0,0,0
2022-01-04 15:15,63,25,38,0,0,0
2022-01-04 15:30,75,29,46,0,0,0
2022-01-04 15:45,96,52,44,0,0,0
2022-01-04 16:00,137,81,56,0,0,0
2022-01-04 16:15,118,59,59,0,0,0
2022-01-04 16:30,129,74,55,0,0,0
2022-01-04 16:45,119,53,66,0,0,0
2022-01-04 17:00,109,54,55,0,0,0
2022-01-04 17:15,109,52,57,0,0,0
2022-01-04 17:30,102,41,61,0,0,0
2022-01-04 17:45,101,48,53,0,0,0
2022-01-04 18:00,96,38,58,0,0,0
2022-01-04 18:15,109,47,62,0,0,0
2022-01-04 18:30,80,28,52,0,0,0
2022-01-04 18:45,78,34,44,0,0,0
2022-01-04 19:00,60,26,34,0,0,0
2022-01-04 19:15,51,18,33,0,0,0
2022-01-04 19:30,38,11,27,0,0,0
2022-01-04 19:45,50,22,28,0,0,0
2022-01-04 20:00,39,11,28,0,0,0
2022-01-04 20:15,44,20,24,0,0,0
2022-01-04 20:30,27,15,12,0,0,0
2022-01-04 20:45,26,14,12,0,0,0
2022-01-04 21:00,31,16,15,0,0,0
2022-01-04 21:15,26,14,12,0,0,0
2022-01-04 21:30,18,11,7,0,0,0
2022-01-04 21:45,23,7,16,0,0,0
2022-01-04 22:00,21,9,12,0,0,0
2022-01-04 22:15,31,12,19,0,0,0
2022-01-04 22:30,24,18,6,0,0,0
2022-01-04 22:45,20,10,10,0,0,0
2022-01-04 23:00,9,4,5,0,0,0
2022-01-04 23:15,7,4,3,0,0,0
2022-01-04 23:30,9,3,6,0,0,0
2022-01-04 23:45,4,0,4,0,0,0
2022-01-05 00:00,3,1,2,0,0,0
2022-01-05 00:15,7,4,3,0,0,0
2022-01-05 00:30,5,4,1,0,0,0
2022-01-05 00:45,2,2,0,0,0,0
2022-01-05 01:00,5,0,5,0,0,0
2022-01-05 01:15,2,0,2,0,0,0
2022-01-05 01:30,2,2,0,0,0,0
2022-01-05 01:45,1,1,0,0,0,0
2022-01-05 02:00,4,1,3,0,0,0
2022-01-05 02:15,2,1,1,0,0,0
2022-01-05 02:30,2,1,1,0,0,0
2022-01-05 02:45,1,1,0,0,0,0
2022-01-05 03:00,0,0,0,0,0,0
2022-01-05 03:15,1,1,0,0,0,0
2022-01-05 03:30,0,0,0,0,0,0
2022-01-05 03:45,2,2,0,0,0,0
2022-01-05 04:00,0,0,0,0,0,0
2022-01-05 04:15,3,2,1,0,0,0
2022-01-05 04:30,1,1,0,0,0,0
2022-01-05 04:45,2,1,1,0,0,0
2022-01-05 05:00,0,0,0,0,0,0
2022-01-05 05:15,7,6,1,0,0,0
2022-01-05 05:30,14,5,9,0,0,0
2022-01-05 05:45,12,6,6,0,0,0
2022-01-05 06:00,11,8,3,0,0,0
2022-01-05 06:15,16,12,4,0,0,0
2022-01-05 06:30,33,16,17,0,0,0
2022-01-05 06:45,48,34,14,0,0,0
2022-01-05 07:00,63,37,26,0,0,0
2022-01-05 07:15,86,45,41,0,0,0
2022-01-05 07:30,88,52,36,0,0,0
2022-01-05 07:45,103,71,32,0,0,0
2022-01-05 08:00,85,64,21,0,0,0
2022-01-05 08:15,104,74,30,0,0,0
2022-01-05 08:30,95,75,20,0,0,0
2022-01-05 08:45,108,80,28,0,0,0
2022-01-05 09:00,64,44,20,0,0,0
2022-01-05 09:15,81,55,26,0,0,0
2022-01-05 09:30,88,65,23,0,0,0
2022-01-05 09:45,67,47,20,0,0,0
2022-01-05 10:00,51,35,16,0,0,0
2022-01-05 10:15,70,47,23,0,0,0
2022-01-05 10:30,52,37,15,0,0,0
2022-01-05 10:45,66,40,26,0,0,0
2022-01-05 11:00,55,30,25,0,0,0
2022-01-05 11:15,50,35,15,0,0,0
2022-01-05 11:30,34,15,19,0,0,0
2022-01-05 11:45,57,35,22,0,0,0
2022-01-05 12:00,65,32,33,0,0,0
2022-01-05 12:15,68,35,33,0,0,0
2022-01-05 12:30,86,50,36,0,0,0
2022-01-05 12:45,87,56,31,0,0,0
2022-01-05 13:00,82,43,39,0,0,0
2022-01-05 13:15,84,51,33,0,0,0
2022-01-05 13:30,91,47,44,0,0,0
2022-01-05 13:45,83,40,43,0,0,0
2022-01-05 14:00,66,39,27,0,0,0
2022-01-05 14:15,79,36,43,0,0,0
2022-01-05 14:30,73,32,41,0,0,0
2022-01-05 14:45,92,63,29,0,0,0
2022-01-05 15:00,75,41,34,0,0,0
2022-01-05 15:15,83,50,33,0,0,0
2022-01-05 15:30,90,51,39,0,0,0
2022-01-05 15:45,104,59,45,0,0,0
2022-01-05 16:00,91,48,43,0,0,0
2022-01-05 16:15,100,48,52,0,0,0
2022-01-05 16:30,108,59,49,0,0,0
2022-01-05 16:45,120,59,61,0,0,0
2022-01-05 17:00,107,43,64,0,0,0
2022-01-05 17:15,100,44,56,0,0,0
2022-01-05 17:30,92,43,49,0,0,0
2022-01-05 17:45,110,54,56,0,0,0
2022-01-05 18:00,77,26,51,0,0,0
2022-01-05 18:15,81,44,37,0,0,0
2022-01-05 18:30,64,20,44,0,0,0
2022-01-05 18:45,56,21,35,0,0,0
2022-01-05 19:00,65,25,40,0,0,0
2022-01-05 19:15,53,26,27,0,0,0
2022-01-05 19:30,51,24,27,0,0,0
2022-01-05 19:45,38,17,21,0,0,0
2022-01-05 20:00,36,15,21,0,0,0
2022-01-05 20:15,31,19,12,0,0,0
2022-01-05 20:30,31,17,14,0,0,0
2022-01-05 20:45,21,13,8,0,0,0
2022-01-05 21:00,22,12,10,0,0,0
2022-01-05 21:15,23,12,11,0,0,0
2022-01-05 21:30,20,7,13,0,0,0
2022-01-05 21:45,31,10,21,0,0,0
2022-01-05 22:00,37,10,27,0,0,0
2022-01-05 22:15,26,7,19,0,0,0
2022-01-05 22:30,11,4,7,0,0,0
2022-01-05 22:45,15,4,11,0,0,0
2022-01-05 23:00,10,4,6,0,0,0
2022-01-05 23:15,11,4,7,0,0,0
2022-01-05 23:30,11,7,4,0,0,0
2022-01-05 23:45,12,10,2,0,0,0
2022-01-06 00:00,19,12,7,0,0,0
2022-01-06 00:15,10,9,1,0,0,0
2022-01-06 00:30,8,5,3,0,0,0
2022-01-06 00:45,3,1,2,0,0,0
2022-01-06 01:00,0,0,0,0,0,0
2022-01-06 01:15,2,1,1,0,0,0
2022-01-06 01:30,2,1,1,0,0,0
2022-01-06 01:45,5,2,3,0,0,0
2022-01-06 02:00,1,0,1,0,0,0
2022-01-06 02:15,4,1,3,0,0,0
2022-01-06 02:30,1,1,0,0,0,0
2022-01-06 02:45,0,0,0,0,0,0
2022-01-06 03:00,1,1,0,0,0,0
2022-01-06 03:15,2,1,1,0,0,0
2022-01-06 03:30,0,0,0,0,0,0
2022-01-06 03:45,0,0,0,0,0,0
2022-01-06 04:00,2,1,1,0,0,0
2022-01-06 04:15,2,1,1,0,0,0
2022-01-06 04:30,2,1,1,0,0,0
2022-01-06 04:45,1,1,0,0,0,0
2022-01-06 05:00,0,0,0,0,0,0
2022-01-06 05:15,3,3,0,0,0,0
2022-01-06 05:30,10,6,4,0,0,0
2022-01-06 05:45,10,3,7,0,0,0
2022-01-06 06:00,14,8,6,0,0,0
2022-01-06 06:15,23,13,10,0,0,0
2022-01-06 06:30,44,29,15,0,0,0
2022-01-06 06:45,41,26,15,0,0,0
2022-01-06 07:00,63,42,21,0,0,0
2022-01-06 07:15,70,36,34,0,0,0
2022-01-06 07:30,86,57,29,0,0,0
2022-01-06 07:45,111,68,43,0,0,0
2022-01-06 08:00,83,64,19,0,0,0
2022-01-06 08:15,115,83,32,0,0,0
2022-01-06 08:30,95,76,19,0,0,0
2022-01-06 08:45,92,70,22,0,0,0
2022-01-06 09:00,63,44,19,0,0,0
2022-01-06 09:15,67,51,16,0,0,0
2022-01-06 09:30,92,68,24,0,0,0
2022-01-06 09:45,73,49,24,0,0,0
2022-01-06 10:00,70,48,22,0,0,0
2022-01-06 10:15,71,49,22,0,0,0
2022-01-06 10:30,74,51,23,0,0,0
2022-01-06 10:45,77,58,19,0,0,0
2022-01-06 11:00,65,39,26,0,0,0
2022-01-06 11:15,69,55,14,0,0,0
2022-01-06 11:30,85,54,31,0,0,0
2022-01-06 11:45,102,65,37,0,0,0
2022-01-06 12:00,104,57,47,0,0,0
2022-01-06 12:15,83,52,31,0,0,0
2022-01-06 12:30,83,61,22,0,0,0
2022-01-06 12:45,99,57,42,0,0,0
2022-01-06 13:00,106,66,40,0,0,0
2022-01-06 13:15,84,47,37,0,0,0
2022-01-06 13:30,95,53,42,0,0,0
2022-01-06 13:45,127,81,46,0,0,0
2022-01-06 14:00,101,64,37,0,0,0
2022-01-06 14:15,121,68,53,0,0,0
2022-01-06 14:30,132,82,50,0,0,0
2022-01-06 14:45,104,73,31,0,0,0
2022-01-06 15:00,117,72,45,0,0,0
2022-01-06 15:15,118,53,65,0,0,0
2022-01-06 15:30,105,54,51,0,0,0
2022-01-06 15:45,129,74,55,0,0,0
2022-01-06 16:00,134,72,62,0,0,0
2022-01-06 16:15,130,74,56,0,0,0
2022-01-06 16:30,115,67,48,0,0,0
2022-01-06 16:45,149,74,75,0,0,0
2022-01-06 17:00,109,47,62,0,0,0
2022-01-06 17:15,128,51,77,0,0,0
2022-01-06 17:30,117,62,55,0,0,0
2022-01-06 17:45,100,48,52,0,0,0
2022-01-06 18:00,121,49,72,0,0,0
2022-01-06 18:15,117,59,58,0,0,0
2022-01-06 18:30,83,30,53,0,0,0
2022-01-06 18:45,96,44,52,0,0,0
2022-01-06 19:00,74,38,36,0,0,0
2022-01-06 19:15,60,27,33,0,0,0
2022-01-06 19:30,61,29,32,0,0,0
2022-01-06 19:45,44,23,21,0,0,0
2022-01-06 20:00,42,19,23,0,0,0
2022-01-06 20:15,47,21,26,0,0,0
2022-01-06 20:30,22,5,17,0,0,0
2022-01-06 20:45,27,13,14,0,0,0
2022-01-06 21:00,26,11,15,0,0,0
2022-01-06 21:15,20,9,11,0,0,0
2022-01-06 21:30,16,9,7,0,0,0
2022-01-06 21:45,29,10,19,0,0,0
2022-01-06 22:00,22,1,21,0,0,0
2022-01-06 22:15,22,5,17,0,0,0
2022-01-06 22:30,23,10,13,0,0,0
2022-01-06 22:45,27,19,8,0,0,0
2022-01-06 23:00,10,7,3,0,0,0
2022-01-06 23:15,21,3,18,0,0,0
2022-01-06 23:30,7,2,5,0,0,0
2022-01-06 23:45,13,4,9,0,0,0
2022-01-07 00:00,6,3,3,0,0,0
2022-01-07 00:15,5,4,1,0,0,0
2022-01-07 00:30,14,5,9,0,0,0
2022-01-07 00:45,5,1,4,0,0,0
2022-01-07 01:00,6,2,4,0,0,0
2022-01-07 01:15,4,0,4,0,0,0
2022-01-07 01:30,1,1,0,0,0,0
2022-01-07 01:45,4,3,1,0,0,0
2022-01-07 02:00,2,0,2,0,0,0
2022-01-07 02:15,2,1,1,0,0,0
2022-01-07 02:30,1,0,1,0,0,0
2022-01-07 02:45,2,0,2,0,0,0
2022-01-07 03:00,2,2,0,0,0,0
2022-01-07 03:15,0,0,0,0,0,0
2022-01-07 03:30,2,2,0,0,0,0
2022-01-07 03:45,0,0,0,0,0,0
2022-01-07 04:00,0,0,0,0,0,0
2022-01-07 04:15,2,2,0,0,0,0
2022-01-07 04:30,0,0,0,0,0,0
2022-01-07 04:45,1,1,0,0,0,0
2022-01-07 05:00,1,0,1,0,0,0
2022-01-07 05:15,3,2,1,0,0,0
2022-01-07 05:30,8,6,2,0,0,0
2022-01-07 05:45,6,2,4,0,0,0
2022-01-07 06:00,14,6,8,0,0,0
2022-01-07 06:15,14,8,6,0,0,0
2022-01-07 06:30,23,15,8,0,0,0
2022-01-07 06:45,38,23,15,0,0,0
2022-01-07 07:00,53,31,22,0,0,0
2022-01-07 07:15,59,30,29,0,0,0
2022-01-07 07:30,98,72,26,0,0,0
2022-01-07 07:45,85,57,28,0,0,0
2022-01-07 08:00,72,47,25,0,0,0
2022-01-07 08:15,90,69,21,0,0,0
2022-01-07 08:30,81,55,26,0,0,0
2022-01-07 08:45,94,71,23,0,0,0
2022-01-07 09:00,61,41,20,0,0,0
2022-01-07 09:15,51,39,12,0,0,0
2022-01-07 09:30,51,41,10,0,0,0
2022-01-07 09:45,73,51,22,0,0,0
2022-01-07 10:00,54,40,14,0,0,0
2022-01-07 10:15,59,43,16,0,0,0
2022-01-07 10:30,76,56,20,0,0,0
2022-01-07 10:45,78,47,31,0,0,0
2022-01-07 11:00,70,43,27,0,0,0
2022-01-07 11:15,66,39,27,0,0,0
2022-01-07 11:30,75,47,28,0,0,0
2022-01-07 11:45,90,60,30,0,0,0
2022-01-07 12:00,67,35,32,0,0,0
2022-01-07 12:15,92,50,42,0,0,0
2022-01-07 12:30,95,53,42,0,0,0
2022-01-07 12:45,81,49,32,0,0,0
2022-01-07 13:00,103,41,62,0,0,0
2022-01-07 13:15,88,54,34,0,0,0
2022-01-07 13:30,81,48,33,0,0,0
2022-01-07 13:45,102,62,40,0,0,0
2022-01-07 14:00,102,59,43,0,0,0
2022-01-07 14:15,101,56,45,0,0,0
2022-01-07 14:30,91,49,42,0,0,0
2022-01-07 14:45,110,63,47,0,0,0
2022-01-07 15:00,106,65,41,0,0,0
2022-01-07 15:15,107,64,43,0,0,0
2022-01-07 15:30,96,57,39,0,0,0
2022-01-07 15:45,107,53,54,0,0,0
2022-01-07 16:00,102,51,51,0,0,0
2022-01-07 16:15,114,63,51,0,0,0
2022-01-07 16:30,101,52,49,0,0,0
2022-01-07 16:45,81,38,43,0,0,0
2022-01-07 17:00,86,43,43,0,0,0
2022-01-07 17:15,84,36,48,0,0,0
2022-01-07 17:30,73,29,44,0,0,0
2022-01-07 17:45,87,40,47,0,0,0
2022-01-07 18:00,66,26,40,0,0,0
2022-01-07 18:15,85,42,43,0,0,0
2022-01-07 18:30,68,33,35,0,0,0
2022-01-07 18:45,80,42,38,0,0,0
2022-01-07 19:00,73,18,55,0,0,0
2022-01-07 19:15,60,29,31,0,0,0
2022-01-07 19:30,55,22,33,0,0,0
2022-01-07 19:45,48,24,24,0,0,0
2022-01-07 20:00,39,17,22,0,0,0
2022-01-07 20:15,34,10,24,0,0,0
2022-01-07 20:30,29,10,19,0,0,0
2022-01-07 20:45,32,15,17,0,0,0
2022-01-07 21:00,27,15,12,0,0,0
2022-01-07 21:15,25,12,13,0,0,0
2022-01-07 21:30,20,8,12,0,0,0
2022-01-07 21:45,26,13,13,0,0,0
2022-01-07 22:00,19,14,5,0,0,0
2022-01-07 22:15,15,6,9,0,0,0
2022-01-07 22:30,19,10,9,0,0,0
2022-01-07 22:45,14,7,7,0,0,0
2022-01-07 23:00,18,8,10,0,0,0
2022-01-07 23:15,18,5,13,0,0,0
2022-01-07 23:30,18,6,12,0,0,0
2022-01-07 23:45,14,6,8,0,0,0
2022-01-08 00:00,16,12,4,0,0,0
2022-01-08 00:15,16,6,10,0,0,0
2022-01-08 00:30,16,3,13,0,0,0
2022-01-08 00:45,9,6,3,0,0,0
2022-01-08 01:00,14,9,5,0,0,0
2022-01-08 01:15,15,5,10,0,0,0
2022-01-08 01:30,6,2,4,0,0,0
2022-01-08 01:45,8,3,5,0,0,0
2022-01-08 02:00,6,2,4,0,0,0
2022-01-08 02:15,10,1,9,0,0,0
2022-01-08 02:30,13,6,7,0,0,0
2022-01-08 02:45,4,1,3,0,0,0
2022-01-08 03:00,1,1,0,0,0,0
2022-01-08 03:15,0,0,0,0,0,0
2022-01-08 03:30,1,0,1,0,0,0
2022-01-08 03:45,7,3,4,0,0,0
2022-01-08 04:00,1,1,0,0,0,0
2022-01-08 04:15,0,0,0,0,0,0
2022-01-08 04:30,0,0,0,0,0,0
2022-01-08 04:45,3,0,3,0,0,0
2022-01-08 05:00,1,1,0,0,0,0
2022-01-08 05:15,3,3,0,0,0,0
2022-01-08 05:30,8,3,5,0,0,0
2022-01-08 05:45,15,8,7,0,0,0
2022-01-08 06:00,3,1,2,0,0,0
2022-01-08 06:15,3,2,1,0,0,0
2022-01-08 06:30,3,3,0,0,0,0
2022-01-08 06:45,7,3,4,0,0,0
2022-01-08 07:00,9,8,1,0,0,0
2022-01-08 07:15,12,6,6,0,0,0
2022-01-08 07:30,9,5,4,0,0,0
2022-01-08 07:45,22,12,10,0,0,0
2022-01-08 08:00,10,6,4,0,0,0
2022-01-08 08:15,15,12,3,0,0,0
2022-01-08 08:30,23,16,7,0,0,0
2022-01-08 08:45,33,25,8,0,0,0
2022-01-08 09:00,38,27,11,0,0,0
2022-01-08 09:15,50,31,19,0,0,0
2022-01-08 09:30,53,35,18,0,0,0
2022-01-08 09:45,80,66,14,0,0,0
2022-01-08 10:00,53,43,10,0,0,0
2022-01-08 10:15,59,45,14,0,0,0
2022-01-08 10:30,75,55,20,0,0,0
2022-01-08 10:45,87,62,25,0,0,0
2022-01-08 11:00,85,57,28,0,0,0
2022-01-08 11:15,91,70,21,0,0,0
2022-01-08 11:30,73,56,17,0,0,0
2022-01-08 11:45,104,74,30,0,0,0
2022-01-08 12:00,98,74,24,0,0,0
2022-01-08 12:15,107,64,43,0,0,0
2022-01-08 12:30,120,72,48,0,0,0
2022-01-08 12:45,106,70,36,0,0,0
2022-01-08 13:00,96,54,42,0,0,0
2022-01-08 13:15,107,61,46,0,0,0
2022-01-08 13:30,89,53,36,0,0,0
2022-01-08 13:45,107,60,47,0,0,0
2022-01-08 14:00,81,41,40,0,0,0
2022-01-08 14:15,95,43,52,0,0,0
2022-01-08 14:30,82,41,41,0,0,0
2022-01-08 14:45,91,47,44,0,0,0
2022-01-08 15:00,74,44,30,0,0,0
2022-01-08 15:15,80,34,46,0,0,0
2022-01-08 15:30,66,38,28,0,0,0
2022-01-08 15:45,62,35,27,0,0,0
2022-01-08 16:00,77,47,30,0,0,0
2022-01-08 16:15,53,23,30,0,0,0
2022-01-08 16:30,54,26,28,0,0,0
2022-01-08 16:45,66,31,35,0,0,0
2022-01-08 17:00,56,25,31,0,0,0
2022-01-08 17:15,53,18,35,0,0,0
2022-01-08 17:30,39,17,22,0,0,0
2022-01-08 17:45,66,30,36,0,0,0
2022-01-08 18:00,51,31,20,0,0,0
2022-01-08 18:15,56,22,34,0,0,0
2022-01-08 18:30,41,22,19,0,0,0
2022-01-08 18:45,54,33,21,0,0,0
2022-01-08 19:00,42,18,24,0,0,0
2022-01-08 19:15,47,22,25,0,0,0
2022-01-08 19:30,43,22,21,0,0,0
2022-01-08 19:45,52,31,21,0,0,0
2022-01-08 20:00,42,17,25,0,0,0
2022-01-08 20:15,40,18,22,0,0,0
2022-01-08 20:30,25,12,13,0,0,0
2022-01-08 20:45,25,13,12,0,0,0
2022-01-08 21:00,22,11,11,0,0,0
2022-01-08 21:15,14,9,5,0,0,0
2022-01-08 21:30,23,9,14,0,0,0
2022-01-08 21:45,26,7,19,0,0,0
2022-01-08 22:00,17,7,10,0,0,0
2022-01-08 22:15,9,2,7,0,0,0
2022-01-08 22:30,15,6,9,0,0,0
2022-01-08 22:45,17,10,7,0,0,0
2022-01-08 23:00,24,10,14,0,0,0
2022-01-08 23:15,31,14,17,0,0,0
2022-01-08 23:30,14,7,7,0,0,0
2022-01-08 23:45,21,8,13,0,0,0
2022-01-09 00:00,19,6,13,0,0,0
2022-01-09 00:15,18,7,11,0,0,0
2022-01-09 00:30,17,10,7,0,0,0
2022-01-09 00:45,6,5,1,0,0,0
2022-01-09 01:00,19,7,12,0,0,0
2022-01-09 01:15,8,3,5,0,0,0
2022-01-09 01:30,19,3,16,0,0,0
2022-01-09 01:45,9,3,6,0,0,0
2022-01-09 02:00,10,3,7,0,0,0
2022-01-09 02:15,6,3,3,0,0,0
2022-01-09 02:30,5,1,4,0,0,0
2022-01-09 02:45,5,3,2,0,0,0
2022-01-09 03:00,5,1,4,0,0,0
2022-01-09 03:15,4,0,4,0,0,0
2022-01-09 03:30,2,0,2,0,0,0
2022-01-09 03:45,8,6,2,0,0,0
2022-01-09 04:00,4,0,4,0,0,0
2022-01-09 04:15,2,0,2,0,0,0
2022-01-09 04:30,4,2,2,0,0,0
2022-01-09 04:45,1,0,1,0,0,0
2022-01-09 05:00,0,0,0,0,0,0
2022-01-09 05:15,3,3,0,0,0,0
2022-01-09 05:30,8,6,2,0,0,0
2022-01-09 05:45,9,1,8,0,0,0
2022-01-09 06:00,4,3,1,0,0,0
2022-01-09 06:15,3,2,1,0,0,0
2022-01-09 06:30,6,4,2,0,0,0
2022-01-09 06:45,4,3,1,0,0,0
2022-01-09 07:00,1,1,0,0,0,0
2022-01-09 07:15,1,0,1,0,0,0
2022-01-09 07:30,6,4,2,0,0,0
2022-01-09 07:45,6,3,3,0,0,0
2022-01-09 08:00,4,1,3,0,0,0
2022-01-09 08:15,7,5,2,0,0,0
2022-01-09 08:30,5,3,2,0,0,0
2022-01-09 08:45,14,7,7,0,0,0
2022-01-09 09:00,15,11,4,0,0,0
2022-01-09 09:15,15,13,2,0,0,0
2022-01-09 09:30,10,8,2,0,0,0
2022-01-09 09:45,35,24,11,0,0,0
2022-01-09 10:00,24,16,8,0,0,0
2022-01-09 10:15,21,9,12,0,0,0
2022-01-09 10:30,30,17,13,0,0,0
2022-01-09 10:45,31,21,10,0,0,0
2022-01-09 11:00,28,18,10,0,0,0
2022-01-09 11:15,23,10,13,0,0,0
2022-01-09 11:30,12,6,6,0,0,0
2022-01-09 11:45,39,30,9,0,0,0
2022-01-09 12:00,34,20,14,0,0,0
2022-01-09 12:15,37,16,21,0,0,0
2022-01-09 12:30,43,25,18,0,0,0
2022-01-09 12:45,53,30,23,0,0,0
2022-01-09 13:00,38,23,15,0,0,0
2022-01-09 13:15,51,29,22,0,0,0
2022-01-09 13:30,48,23,25,0,0,0
2022-01-09 13:45,42,25,17,0,0,0
2022-01-09 14:00,42,25,17,0,0,0
2022-01-09 14:15,49,27,22,0,0,0
2022-01-09 14:30,39,20,19,0,0,0
2022-01-09 14:45,75,43,32,0,0,0
2022-01-09 15:00,55,35,20,0,0,0
2022-01-09 15:15,41,17,24,0,0,0
2022-01-09 15:30,39,25,14,0,0,0
2022-01-09 15:45,55,32,23,0,0,0
2022-01-09 16:00,48,26,22,0,0,0
2022-01-09 16:15,47,29,18,0,0,0
2022-01-09 16:30,42,25,17,0,0,0
2022-01-09 16:45,54,29,25,0,0,0
2022-01-09 17:00,62,22,40,0,0,0
2022-01-09 17:15,41,22,19,0,0,0
2022-01-09 17:30,40,15,25,0,0,0
2022-01-09 17:45,52,32,20,0,0,0
2022-01-09 18:00,40,14,26,0,0,0
2022-01-09 18:15,33,14,19,0,0,0
2022-01-09 18:30,28,13,15,0,0,0
2022-01-09 18:45,49,27,22,0,0,0
2022-01-09 19:00,22,12,10,0,0,0
2022-01-09 19:15,31,13,18,0,0,0
2022-01-09 19:30,32,17,15,0,0,0
2022-01-09 19:45,19,10,9,0,0,0
2022-01-09 20:00,44,18,26,0,0,0
2022-01-09 20:15,34,15,19,0,0,0
2022-01-09 20:30,16,7,9,0,0,0
2022-01-09 20:45,21,13,8,0,0,0
2022-01-09 21:00,14,6,8,0,0,0
2022-01-09 21:15,13,6,7,0,0,0
2022-01-09 21:30,19,11,8,0,0,0
2022-01-09 21:45,21,13,8,0,0,0
2022-01-09 22:00,11,3,8,0,0,0
2022-01-09 22:15,10,4,6,0,0,0
2022-01-09 22:30,31,24,7,0,0,0
2022-01-09 22:45,9,7,2,0,0,0
2022-01-09 23:00,8,5,3,0,0,0
2022-01-09 23:15,5,2,3,0,0,0
2022-01-09 23:30,1,1,0,0,0,0
2022-01-09 23:45,5,2,3,0,0,0
2022-01-10 00:00,4,2,2,0,0,0
2022-01-10 00:15,4,2,2,0,0,0
2022-01-10 00:30,2,0,2,0,0,0
2022-01-10 00:45,0,0,0,0,0,0
2022-01-10 01:00,0,0,0,0,0,0
2022-01-10 01:15,0,0,0,0,0,0
2022-01-10 01:30,2,1,1,0,0,0
2022-01-10 01:45,4,4,0,0,0,0
2022-01-10 02:00,0,0,0,0,0,0
2022-01-10 02:15,0,0,0,0,0,0
2022-01-10 02:30,1,1,0,0,0,0
2022-01-10 02:45,0,0,0,0,0,0
2022-01-10 03:00,2,2,0,0,0,0
2022-01-10 03:15,0,0,0,0,0,0
2022-01-10 03:30,0,0,0,0,0,0
2022-01-10 03:45,0,0,0,0,0,0
2022-01-10 04:00,1,1,0,0,0,0
2022-01-10 04:15,2,1,1,0,0,0
2022-01-10 04:30,2,0,2,0,0,0
2022-01-10 04:45,1,0,1,0,0,0
2022-01-10 05:00,0,0,0,0,0,0
2022-01-10 05:15,5,5,0,0,0,0
2022-01-10 05:30,13,6,7,0,0,0
2022-01-10 05:45,13,8,5,0,0,0
2022-01-10 06:00,16,10,6,0,0,0
2022-01-10 06:15,28,16,12,0,0,0
2022-01-10 06:30,46,22,24,0,0,0
2022-01-10 06:45,52,31,21,0,0,0
2022-01-10 07:00,73,45,28,0,0,0
2022-01-10 07:15,121,78,43,0,0,0
2022-01-10 07:30,179,121,58,0,0,0
2022-01-10 07:45,267,204,63,0,0,0
2022-01-10 08:00,249,215,34,0,0,0
2022-01-10 08:15,146,110,36,0,0,0
2022-01-10 08:30,107,78,29,0,0,0
2022-01-10 08:45,126,90,36,0,0,0
2022-01-10 09:00,85,63,22,0,0,0
2022-01-10 09:15,78,50,28,0,0,0
2022-01-10 09:30,95,77,18,0,0,0
2022-01-10 09:45,92,69,23,0,0,0
2022-01-10 10:00,78,53,25,0,0,0
2022-01-10 10:15,93,62,31,0,0,0
2022-01-10 10:30,72,56,16,0,0,0
2022-01-10 10:45,93,61,32,0,0,0
2022-01-10 11:00,70,39,31,0,0,0
2022-01-10 11:15,70,47,23,0,0,0
2022-01-10 11:30,92,60,32,0,0,0
2022-01-10 11:45,85,51,34,0,0,0
2022-01-10 12:00,80,49,31,0,0,0
2022-01-10 12:15,91,60,31,0,0,0
2022-01-10 12:30,97,58,39,0,0,0
2022-01-10 12:45,102,46,56,0,0,0
2022-01-10 13:00,119,53,66,0,0,0
2022-01-10 13:15,111,49,62,0,0,0
2022-01-10 13:30,100,52,48,0,0,0
2022-01-10 13:45,108,53,55,0,0,0
2022-01-10 14:00,111,56,55,0,0,0
2022-01-10 14:15,115,62,53,0,0,0
2022-01-10 14:30,108,51,57,0,0,0
2022-01-10 14:45,154,84,70,0,0,0
2022-01-10 15:00,128,70,58,0,0,0
2022-01-10 15:15,141,83,58,0,0,0
2022-01-10 15:30,127,63,64,0,0,0
2022-01-10 15:45,174,80,94,0,0,0
2022-01-10 16:00,187,87,100,0,0,0
2022-01-10 16:15,170,83,87,0,0,0
2022-01-10 16:30,134,59,75,0,0,0
2022-01-10 16:45,159,91,68,0,0,0
2022-01-10 17:00,136,69,67,0,0,0
2022-01-10 17:15,136,58,78,0,0,0
2022-01-10 17:30,135,66,69,0,0,0
2022-01-10 17:45,137,70,67,0,0,0
2022-01-10 18:00,109,46,63,0,0,0
2022-01-10 18:15,103,43,60,0,0,0
2022-01-10 18:30,81,37,44,0,0,0
2022-01-10 18:45,81,32,49,0,0,0
2022-01-10 19:00,64,25,39,0,0,0
2022-01-10 19:15,76,33,43,0,0,0
2022-01-10 19:30,53,21,32,0,0,0
2022-01-10 19:45,66,31,35,0,0,0
2022-01-10 20:00,53,20,33,0,0,0
2022-01-10 20:15,47,18,29,0,0,0
2022-01-10 20:30,43,18,25,0,0,0
2022-01-10 20:45,30,15,15,0,0,0
2022-01-10 21:00,26,11,15,0,0,0
2022-01-10 21:15,32,14,18,0,0,0
2022-01-10 21:30,19,10,9,0,0,0
2022-01-10 21:45,25,9,16,0,0,0
2022-01-10 22:00,29,13,16,0,0,0
2022-01-10 22:15,21,12,9,0,0,0
2022-01-10 22:30,20,9,11,0,0,0
2022-01-10 22:45,18,9,9,0,0,0
2022-01-10 23:00,19,7,12,0,0,0
2022-01-10 23:15,13,7,6,0,0,0
2022-01-10 23:30,8,4,4,0,0,0
2022-01-10 23:45,5,1,4,0,0,0
2022-01-11 00:00,5,3,2,0,0,0
2022-01-11 00:15,1,1,0,0,0,0
2022-01-11 00:30,5,0,5,0,0,0
2022-01-11 00:45,4,3,1,0,0,0
2022-01-11 01:00,1,0,1,0,0,0
2022-01-11 01:15,5,3,2,0,0,0
2022-01-11 01:30,0,0,0,0,0,0
2022-01-11 01:45,1,1,0,0,0,0
2022-01-11 02:00,2,1,1,0,0,0
2022-01-11 02:15,0,0,0,0,0,0
2022-01-11 02:30,3,1,2,0,0,0
2022-01-11 02:45,1,0,1,0,0,0
2022-01-11 03:00,0,0,0,0,0,0
2022-01-11 03:15,2,2,0,0,0,0
2022-01-11 03:30,0,0,0,0,0,0
2022-01-11 03:45,1,0,1,0,0,0
2022-01-11 04:00,0,0,0,0,0,0
2022-01-11 04:15,3,2,1,0,0,0
2022-01-11 04:30,0,0,0,0,0,0
2022-01-11 04:45,1,0,1,0,0,0
2022-01-11 05:00,1,1,0,0,0,0
2022-01-11 05:15,4,4,0,0,0,0
2022-01-11 05:30,8,5,3,0,0,0
2022-01-11 05:45,18,10,8,0,0,0
2022-01-11 06:00,14,9,5,0,0,0
2022-01-11 06:15,29,19,10,0,0,0
2022-01-11 06:30,47,25,22,0,0,0
2022-01-11 06:45,48,35,13,0,0,0
2022-01-11 07:00,64,43,21,0,0,0
2022-01-11 07:15,101,66,35,0,0,0
2022-01-11 07:30,155,99,56,0,0,0
2022-01-11 07:45,283,200,83,0,0,0
2022-01-11 08:00,242,203,39,0,0,0
2022-01-11 08:15,126,94,32,0,0,0
2022-01-11 08:30,127,91,36,0,0,0
2022-01-11 08:45,138,101,37,0,0,0
2022-01-11 09:00,72,55,17,0,0,0
2022-01-11 09:15,85,58,27,0,0,0
2022-01-11 09:30,74,51,23,0,0,0
2022-01-11 09:45,92,71,21,0,0,0
2022-01-11 10:00,69,47,22,0,0,0
2022-01-11 10:15,76,60,16,0,0,0
2022-01-11 10:30,76,60,16,0,0,0
2022-01-11 10:45,82,61,21,0,0,0
2022-01-11 11:00,77,44,33,0,0,0
2022-01-11 11:15,73,41,32,0,0,0
2022-01-11 11:30,85,45,40,0,0,0
2022-01-11 11:45,91,56,35,0,0,0
2022-01-11 12:00,77,45,32,0,0,0
2022-01-11 12:15,101,61,40,0,0,0
2022-01-11 12:30,100,65,35,0,0,0
2022-01-11 12:45,100,65,35,0,0,0
2022-01-11 13:00,122,68,54,0,0,0
2022-01-11 13:15,136,73,63,0,0,0
2022-01-11 13:30,102,54,48,0,0,0
2022-01-11 13:45,107,66,41,0,0,0
2022-01-11 14:00,124,75,49,0,0,0
2022-01-11 14:15,126,54,72,0,0,0
2022-01-11 14:30,125,66,59,0,0,0
2022-01-11 14:45,126,60,66,0,0,0
2022-01-11 15:00,121,65,56,0,0,0
2022-01-11 15:15,141,64,77,0,0,0
2022-01-11 15:30,148,83,65,0,0,0
2022-01-11 15:45,148,81,67,0,0,0
2022-01-11 16:00,152,90,62,0,0,0
2022-01-11 16:15,150,70,80,0,0,0
2022-01-11 16:30,157,84,73,0,0,0
2022-01-11 16:45,140,57,83,0,0,0
2022-01-11 17:00,138,64,74,0,0,0
2022-01-11 17:15,141,63,78,0,0,0
2022-01-11 17:30,121,46,75,0,0,0
2022-01-11 17:45,153,72,81,0,0,0
2022-01-11 18:00,109,52,57,0,0,0
2022-01-11 18:15,108,51,57,0,0,0
2022-01-11 18:30,101,43,58,0,0,0
2022-01-11 18:45,107,51,56,0,0,0
2022-01-11 19:00,88,32,56,0,0,0
2022-01-11 19:15,65,25,40,0,0,0
2022-01-11 19:30,63,25,38,0,0,0
2022-01-11 19:45,57,28,29,0,0,0
2022-01-11 20:00,69,19,50,0,0,0
2022-01-11 20:15,49,19,30,0,0,0
2022-01-11 20:30,36,17,19,0,0,0
2022-01-11 20:45,35,17,18,0,0,0
2022-01-11 21:00,36,16,20,0,0,0
2022-01-11 21:15,31,11,20,0,0,0
2022-01-11 21:30,26,9,17,0,0,0
2022-01-11 21:45,28,9,19,0,0,0
2022-01-11 22:00,31,15,16,0,0,0
2022-01-11 22:15,29,15,14,0,0,0
2022-01-11 22:30,29,16,13,0,0,0
2022-01-11 22:45,19,11,8,0,0,0
2022-01-11 23:00,19,9,10,0,0,0
2022-01-11 23:15,11,7,4,0,0,0
2022-01-11 23:30,12,6,6,0,0,0
2022-01-11 23:45,9,8,1,0,0,0
