Datetime,100034981 (Weseler Straße),101034981 (Weseler Straße stadteinwärts),102034981 (Weseler Straße stadtauswärts),100034981-status,101034981-status,102034981-status
2021-09-01 00:00,9,2,7,0,0,0
2021-09-01 00:15,2,2,0,0,0,0
2021-09-01 00:30,2,2,0,0,0,0
2021-09-01 00:45,2,2,0,0,0,0
2021-09-01 01:00,5,3,2,0,0,0
2021-09-01 01:15,1,0,1,0,0,0
2021-09-01 01:30,3,1,2,0,0,0
2021-09-01 01:45,1,0,1,0,0,0
2021-09-01 02:00,1,0,1,0,0,0
2021-09-01 02:15,3,0,3,0,0,0
2021-09-01 02:30,5,1,4,0,0,0
2021-09-01 02:45,3,3,0,0,0,0
2021-09-01 03:00,2,1,1,0,0,0
2021-09-01 03:15,0,0,0,0,0,0
2021-09-01 03:30,0,0,0,0,0,0
2021-09-01 03:45,1,0,1,0,0,0
2021-09-01 04:00,0,0,0,0,0,0
2021-09-01 04:15,3,1,2,0,0,0
2021-09-01 04:30,4,3,1,0,0,0
2021-09-01 04:45,5,3,2,0,0,0
2021-09-01 05:00,2,1,1,0,0,0
2021-09-01 05:15,3,1,2,0,0,0
2021-09-01 05:30,12,5,7,0,0,0
2021-09-01 05:45,9,7,2,0,0,0
2021-09-01 06:00,13,11,2,0,0,0
2021-09-01 06:15,16,11,5,0,0,0
2021-09-01 06:30,26,7,19,0,0,0
2021-09-01 06:45,38,20,18,0,0,0
2021-09-01 07:00,53,25,28,0,0,0
2021-09-01 07:15,91,47,44,0,0,0
2021-09-01 07:30,126,69,57,0,0,0
2021-09-01 07:45,130,87,43,0,0,0
2021-09-01 08:00,143,93,50,0,0,0
2021-09-01 08:15,91,50,41,0,0,0
2021-09-01 08:30,68,41,27,0,0,0
2021-09-01 08:45,76,43,33,0,0,0
2021-09-01 09:00,45,32,13,0,0,0
2021-09-01 09:15,33,27,6,0,0,0
2021-09-01 09:30,58,46,12,0,0,0
2021-09-01 09:45,62,54,8,0,0,0
2021-09-01 10:00,46,31,15,0,0,0
2021-09-01 10:15,37,29,8,0,0,0
2021-09-01 10:30,35,28,7,0,0,0
2021-09-01 10:45,45,31,14,0,0,0
2021-09-01 11:00,37,26,11,0,0,0
2021-09-01 11:15,44,32,12,0,0,0
2021-09-01 11:30,44,26,18,0,0,0
2021-09-01 11:45,63,39,24,0,0,0
2021-09-01 12:00,44,27,17,0,0,0
2021-09-01 12:15,71,44,27,0,0,0
2021-09-01 12:30,41,21,20,0,0,0
2021-09-01 12:45,54,26,28,0,0,0
2021-09-01 13:00,50,31,19,0,0,0
2021-09-01 13:15,48,26,22,0,0,0
2021-09-01 13:30,41,19,22,0,0,0
2021-09-01 13:45,67,46,21,0,0,0
2021-09-01 14:00,42,20,22,0,0,0
2021-09-01 14:15,53,31,22,0,0,0
2021-09-01 14:30,72,40,32,0,0,0
2021-09-01 14:45,73,45,28,0,0,0
2021-09-01 15:00,58,36,22,0,0,0
2021-09-01 15:15,61,32,29,0,0,0
2021-09-01 15:30,73,46,27,0,0,0
2021-09-01 15:45,72,47,25,0,0,0
2021-09-01 16:00,72,46,26,0,0,0
2021-09-01 16:15,88,63,25,0,0,0
2021-09-01 16:30,79,50,29,0,0,0
2021-09-01 16:45,92,65,27,0,0,0
2021-09-01 17:00,74,49,25,0,0,0
2021-09-01 17:15,66,42,24,0,0,0
2021-09-01 17:30,101,61,40,0,0,0
2021-09-01 17:45,74,38,36,0,0,0
2021-09-01 18:00,55,31,24,0,0,0
2021-09-01 18:15,61,43,18,0,0,0
2021-09-01 18:30,61,34,27,0,0,0
2021-09-01 18:45,63,44,19,0,0,0
2021-09-01 19:00,46,30,16,0,0,0
2021-09-01 19:15,59,34,25,0,0,0
2021-09-01 19:30,45,24,21,0,0,0
2021-09-01 19:45,44,26,18,0,0,0
2021-09-01 20:00,42,30,12,0,0,0
2021-09-01 20:15,39,22,17,0,0,0
2021-09-01 20:30,26,18,8,0,0,0
2021-09-01 20:45,35,17,18,0,0,0
2021-09-01 21:00,30,16,14,0,0,0
2021-09-01 21:15,30,15,15,0,0,0
2021-09-01 21:30,38,29,9,0,0,0
2021-09-01 21:45,22,12,10,0,0,0
2021-09-01 22:00,29,18,11,0,0,0
2021-09-01 22:15,29,15,14,0,0,0
2021-09-01 22:30,22,7,15,0,0,0
2021-09-01 22:45,14,6,8,0,0,0
2021-09-01 23:00,11,4,7,0,0,0
2021-09-01 23:15,6,6,0,0,0,0
2021-09-01 23:30,9,5,4,0,0,0
2021-09-01 23:45,7,4,3,0,0,0
2021-09-02 00:00,12,5,7,0,0,0
2021-09-02 00:15,13,4,9,0,0,0
2021-09-02 00:30,9,3,6,0,0,0
2021-09-02 00:45,4,3,1,0,0,0
2021-09-02 01:00,7,1,6,0,0,0
2021-09-02 01:15,4,2,2,0,0,0
2021-09-02 01:30,0,0,0,0,0,0
2021-09-02 01:45,4,0,4,0,0,0
2021-09-02 02:00,7,1,6,0,0,0
2021-09-02 02:15,1,0,1,0,0,0
2021-09-02 02:30,6,0,6,0,0,0
2021-09-02 02:45,5,3,2,0,0,0
2021-09-02 03:00,2,1,1,0,0,0
2021-09-02 03:15,0,0,0,0,0,0
2021-09-02 03:30,2,0,2,0,0,0
2021-09-02 03:45,1,0,1,0,0,0
2021-09-02 04:00,1,1,0,0,0,0
2021-09-02 04:15,1,0,1,0,0,0
2021-09-02 04:30,5,3,2,0,0,0
2021-09-02 04:45,7,5,2,0,0,0
2021-09-02 05:00,3,1,2,0,0,0
2021-09-02 05:15,5,1,4,0,0,0
2021-09-02 05:30,6,5,1,0,0,0
2021-09-02 05:45,10,5,5,0,0,0
2021-09-02 06:00,9,7,2,0,0,0
2021-09-02 06:15,17,10,7,0,0,0
2021-09-02 06:30,31,12,19,0,0,0
2021-09-02 06:45,31,16,15,0,0,0
2021-09-02 07:00,59,26,33,0,0,0
2021-09-02 07:15,68,29,39,0,0,0
2021-09-02 07:30,115,62,53,0,0,0
2021-09-02 07:45,123,79,44,0,0,0
2021-09-02 08:00,119,80,39,0,0,0
2021-09-02 08:15,87,43,44,0,0,0
2021-09-02 08:30,68,50,18,0,0,0
2021-09-02 08:45,89,62,27,0,0,0
2021-09-02 09:00,53,27,26,0,0,0
2021-09-02 09:15,45,30,15,0,0,0
2021-09-02 09:30,38,29,9,0,0,0
2021-09-02 09:45,44,35,9,0,0,0
2021-09-02 10:00,26,16,10,0,0,0
2021-09-02 10:15,35,25,10,0,0,0
2021-09-02 10:30,34,24,10,0,0,0
2021-09-02 10:45,31,26,5,0,0,0
2021-09-02 11:00,35,21,14,0,0,0
2021-09-02 11:15,38,25,13,0,0,0
2021-09-02 11:30,32,19,13,0,0,0
2021-09-02 11:45,40,24,16,0,0,0
2021-09-02 12:00,47,28,19,0,0,0
2021-09-02 12:15,48,27,21,0,0,0
2021-09-02 12:30,36,28,8,0,0,0
2021-09-02 12:45,57,29,28,0,0,0
2021-09-02 13:00,69,36,33,0,0,0
2021-09-02 13:15,57,30,27,0,0,0
2021-09-02 13:30,58,28,30,0,0,0
2021-09-02 13:45,67,41,26,0,0,0
2021-09-02 14:00,65,36,29,0,0,0
2021-09-02 14:15,66,43,23,0,0,0
2021-09-02 14:30,70,36,34,0,0,0
2021-09-02 14:45,77,58,19,0,0,0
2021-09-02 15:00,69,52,17,0,0,0
2021-09-02 15:15,65,48,17,0,0,0
2021-09-02 15:30,77,60,17,0,0,0
2021-09-02 15:45,85,67,18,0,0,0
2021-09-02 16:00,70,53,17,0,0,0
2021-09-02 16:15,85,54,31,0,0,0
2021-09-02 16:30,96,64,32,0,0,0
2021-09-02 16:45,89,58,31,0,0,0
2021-09-02 17:00,83,57,26,0,0,0
2021-09-02 17:15,86,50,36,0,0,0
2021-09-02 17:30,75,50,25,0,0,0
2021-09-02 17:45,90,46,44,0,0,0
2021-09-02 18:00,69,38,31,0,0,0
2021-09-02 18:15,82,51,31,0,0,0
2021-09-02 18:30,57,31,26,0,0,0
2021-09-02 18:45,72,41,31,0,0,0
2021-09-02 19:00,60,35,25,0,0,0
2021-09-02 19:15,70,41,29,0,0,0
2021-09-02 19:30,46,34,12,0,0,0
2021-09-02 19:45,56,39,17,0,0,0
2021-09-02 20:00,43,23,20,0,0,0
2021-09-02 20:15,43,24,19,0,0,0
2021-09-02 20:30,40,24,16,0,0,0
2021-09-02 20:45,23,14,9,0,0,0
2021-09-02 21:00,36,25,11,0,0,0
2021-09-02 21:15,33,15,18,0,0,0
2021-09-02 21:30,35,25,10,0,0,0
2021-09-02 21:45,28,14,14,0,0,0
2021-09-02 22:00,30,16,14,0,0,0
2021-09-02 22:15,23,13,10,0,0,0
2021-09-02 22:30,18,6,12,0,0,0
2021-09-02 22:45,15,8,7,0,0,0
2021-09-02 23:00,20,10,10,0,0,0
2021-09-02 23:15,16,5,11,0,0,0
2021-09-02 23:30,7,1,6,0,0,0
2021-09-02 23:45,6,0,6,0,0,0
2021-09-03 00:00,13,7,6,0,0,0
2021-09-03 00:15,8,2,6,0,0,0
2021-09-03 00:30,6,1,5,0,0,0
2021-09-03 00:45,0,0,0,0,0,0
2021-09-03 01:00,3,1,2,0,0,0
2021-09-03 01:15,4,1,3,0,0,0
2021-09-03 01:30,4,2,2,0,0,0
2021-09-03 01:45,0,0,0,0,0,0
2021-09-03 02:00,4,1,3,0,0,0
2021-09-03 02:15,0,0,0,0,0,0
2021-09-03 02:30,4,0,4,0,0,0
2021-09-03 02:45,1,0,1,0,0,0
2021-09-03 03:00,2,1,1,0,0,0
2021-09-03 03:15,2,1,1,0,0,0
2021-09-03 03:30,0,0,0,0,0,0
2021-09-03 03:45,0,0,0,0,0,0
2021-09-03 04:00,0,0,0,0,0,0
2021-09-03 04:15,6,0,6,0,0,0
2021-09-03 04:30,3,3,0,0,0,0
2021-09-03 04:45,4,3,1,0,0,0
2021-09-03 05:00,3,1,2,0,0,0
2021-09-03 05:15,6,3,3,0,0,0
2021-09-03 05:30,5,2,3,0,0,0
2021-09-03 05:45,9,6,3,0,0,0
2021-09-03 06:00,13,12,1,0,0,0
2021-09-03 06:15,13,7,6,0,0,0
2021-09-03 06:30,23,10,13,0,0,0
2021-09-03 06:45,35,18,17,0,0,0
2021-09-03 07:00,47,27,20,0,0,0
2021-09-03 07:15,63,33,30,0,0,0
2021-09-03 07:30,107,68,39,0,0,0
2021-09-03 07:45,137,80,57,0,0,0
2021-09-03 08:00,77,57,20,0,0,0
2021-09-03 08:15,74,39,35,0,0,0
2021-09-03 08:30,58,36,22,0,0,0
2021-09-03 08:45,59,38,21,0,0,0
2021-09-03 09:00,40,28,12,0,0,0
2021-09-03 09:15,29,19,10,0,0,0
2021-09-03 09:30,39,31,8,0,0,0
2021-09-03 09:45,66,48,18,0,0,0
2021-09-03 10:00,25,20,5,0,0,0
2021-09-03 10:15,37,30,7,0,0,0
2021-09-03 10:30,38,28,10,0,0,0
2021-09-03 10:45,49,27,22,0,0,0
2021-09-03 11:00,43,26,17,0,0,0
2021-09-03 11:15,45,30,15,0,0,0
2021-09-03 11:30,44,22,22,0,0,0
2021-09-03 11:45,49,35,14,0,0,0
2021-09-03 12:00,43,23,20,0,0,0
2021-09-03 12:15,37,24,13,0,0,0
2021-09-03 12:30,46,31,15,0,0,0
2021-09-03 12:45,72,46,26,0,0,0
2021-09-03 13:00,60,39,21,0,0,0
2021-09-03 13:15,54,29,25,0,0,0
2021-09-03 13:30,63,28,35,0,0,0
2021-09-03 13:45,51,33,18,0,0,0
2021-09-03 14:00,65,42,23,0,0,0
2021-09-03 14:15,63,32,31,0,0,0
2021-09-03 14:30,50,33,17,0,0,0
2021-09-03 14:45,73,39,34,0,0,0
2021-09-03 15:00,73,54,19,0,0,0
2021-09-03 15:15,64,41,23,0,0,0
2021-09-03 15:30,78,43,35,0,0,0
2021-09-03 15:45,76,44,32,0,0,0
2021-09-03 16:00,62,36,26,0,0,0
2021-09-03 16:15,67,40,27,0,0,0
2021-09-03 16:30,55,39,16,0,0,0
2021-09-03 16:45,59,41,18,0,0,0
2021-09-03 17:00,70,42,28,0,0,0
2021-09-03 17:15,61,39,22,0,0,0
2021-09-03 17:30,64,39,25,0,0,0
2021-09-03 17:45,82,63,19,0,0,0
2021-09-03 18:00,62,38,24,0,0,0
2021-09-03 18:15,57,34,23,0,0,0
2021-09-03 18:30,56,36,20,0,0,0
2021-09-03 18:45,58,39,19,0,0,0
2021-09-03 19:00,75,52,23,0,0,0
2021-09-03 19:15,57,39,18,0,0,0
2021-09-03 19:30,43,25,18,0,0,0
2021-09-03 19:45,44,25,19,0,0,0
2021-09-03 20:00,34,21,13,0,0,0
2021-09-03 20:15,43,34,9,0,0,0
2021-09-03 20:30,32,18,14,0,0,0
2021-09-03 20:45,35,18,17,0,0,0
2021-09-03 21:00,30,12,18,0,0,0
2021-09-03 21:15,30,20,10,0,0,0
2021-09-03 21:30,27,19,8,0,0,0
2021-09-03 21:45,26,14,12,0,0,0
2021-09-03 22:00,26,14,12,0,0,0
2021-09-03 22:15,31,10,21,0,0,0
2021-09-03 22:30,15,4,11,0,0,0
2021-09-03 22:45,29,11,18,0,0,0
2021-09-03 23:00,18,4,14,0,0,0
2021-09-03 23:15,33,12,21,0,0,0
2021-09-03 23:30,22,11,11,0,0,0
2021-09-03 23:45,8,2,6,0,0,0
2021-09-04 00:00,17,6,11,0,0,0
2021-09-04 00:15,15,3,12,0,0,0
2021-09-04 00:30,14,5,9,0,0,0
2021-09-04 00:45,6,2,4,0,0,0
2021-09-04 01:00,13,5,8,0,0,0
2021-09-04 01:15,23,6,17,0,0,0
2021-09-04 01:30,11,1,10,0,0,0
2021-09-04 01:45,7,3,4,0,0,0
2021-09-04 02:00,11,6,5,0,0,0
2021-09-04 02:15,9,2,7,0,0,0
2021-09-04 02:30,8,0,8,0,0,0
2021-09-04 02:45,13,6,7,0,0,0
2021-09-04 03:00,6,1,5,0,0,0
2021-09-04 03:15,8,2,6,0,0,0
2021-09-04 03:30,4,2,2,0,0,0
2021-09-04 03:45,7,3,4,0,0,0
2021-09-04 04:00,1,0,1,0,0,0
2021-09-04 04:15,1,0,1,0,0,0
2021-09-04 04:30,2,0,2,0,0,0
2021-09-04 04:45,0,0,0,0,0,0
2021-09-04 05:00,6,2,4,0,0,0
2021-09-04 05:15,7,4,3,0,0,0
2021-09-04 05:30,3,2,1,0,0,0
2021-09-04 05:45,2,1,1,0,0,0
2021-09-04 06:00,5,1,4,0,0,0
2021-09-04 06:15,3,3,0,0,0,0
2021-09-04 06:30,6,4,2,0,0,0
2021-09-04 06:45,8,5,3,0,0,0
2021-09-04 07:00,4,3,1,0,0,0
2021-09-04 07:15,7,3,4,0,0,0
2021-09-04 07:30,13,5,8,0,0,0
2021-09-04 07:45,14,9,5,0,0,0
2021-09-04 08:00,17,11,6,0,0,0
2021-09-04 08:15,14,7,7,0,0,0
2021-09-04 08:30,20,12,8,0,0,0
2021-09-04 08:45,18,12,6,0,0,0
2021-09-04 09:00,20,14,6,0,0,0
2021-09-04 09:15,26,21,5,0,0,0
2021-09-04 09:30,23,18,5,0,0,0
2021-09-04 09:45,42,35,7,0,0,0
2021-09-04 10:00,38,29,9,0,0,0
2021-09-04 10:15,28,22,6,0,0,0
2021-09-04 10:30,25,22,3,0,0,0
2021-09-04 10:45,57,51,6,0,0,0
2021-09-04 11:00,30,23,7,0,0,0
2021-09-04 11:15,47,31,16,0,0,0
2021-09-04 11:30,45,36,9,0,0,0
2021-09-04 11:45,31,18,13,0,0,0
2021-09-04 12:00,40,29,11,0,0,0
2021-09-04 12:15,43,22,21,0,0,0
2021-09-04 12:30,50,32,18,0,0,0
2021-09-04 12:45,40,22,18,0,0,0
2021-09-04 13:00,42,22,20,0,0,0
2021-09-04 13:15,55,39,16,0,0,0
2021-09-04 13:30,56,26,30,0,0,0
2021-09-04 13:45,54,33,21,0,0,0
2021-09-04 14:00,45,36,9,0,0,0
2021-09-04 14:15,51,31,20,0,0,0
2021-09-04 14:30,31,21,10,0,0,0
2021-09-04 14:45,52,34,18,0,0,0
2021-09-04 15:00,48,25,23,0,0,0
2021-09-04 15:15,50,35,15,0,0,0
2021-09-04 15:30,83,60,23,0,0,0
2021-09-04 15:45,52,34,18,0,0,0
2021-09-04 16:00,56,40,16,0,0,0
2021-09-04 16:15,40,28,12,0,0,0
2021-09-04 16:30,67,45,22,0,0,0
2021-09-04 16:45,62,47,15,0,0,0
2021-09-04 17:00,55,26,29,0,0,0
2021-09-04 17:15,62,39,23,0,0,0
2021-09-04 17:30,60,37,23,0,0,0
2021-09-04 17:45,54,31,23,0,0,0
2021-09-04 18:00,53,35,18,0,0,0
2021-09-04 18:15,74,38,36,0,0,0
2021-09-04 18:30,63,42,21,0,0,0
2021-09-04 18:45,51,36,15,0,0,0
2021-09-04 19:00,67,40,27,0,0,0
2021-09-04 19:15,52,30,22,0,0,0
2021-09-04 19:30,66,48,18,0,0,0
2021-09-04 19:45,54,33,21,0,0,0
2021-09-04 20:00,43,27,16,0,0,0
2021-09-04 20:15,40,28,12,0,0,0
2021-09-04 20:30,31,16,15,0,0,0
2021-09-04 20:45,28,18,10,0,0,0
2021-09-04 21:00,21,14,7,0,0,0
2021-09-04 21:15,43,31,12,0,0,0
2021-09-04 21:30,38,19,19,0,0,0
2021-09-04 21:45,43,23,20,0,0,0
2021-09-04 22:00,24,11,13,0,0,0
2021-09-04 22:15,25,6,19,0,0,0
2021-09-04 22:30,26,5,21,0,0,0
2021-09-04 22:45,17,4,13,0,0,0
2021-09-04 23:00,26,9,17,0,0,0
2021-09-04 23:15,24,10,14,0,0,0
2021-09-04 23:30,29,7,22,0,0,0
2021-09-04 23:45,25,9,16,0,0,0
2021-09-05 00:00,23,5,18,0,0,0
2021-09-05 00:15,13,3,10,0,0,0
2021-09-05 00:30,12,8,4,0,0,0
2021-09-05 00:45,5,3,2,0,0,0
2021-09-05 01:00,9,4,5,0,0,0
2021-09-05 01:15,4,2,2,0,0,0
2021-09-05 01:30,10,3,7,0,0,0
2021-09-05 01:45,16,12,4,0,0,0
2021-09-05 02:00,16,7,9,0,0,0
2021-09-05 02:15,12,7,5,0,0,0
2021-09-05 02:30,7,2,5,0,0,0
2021-09-05 02:45,4,2,2,0,0,0
2021-09-05 03:00,5,2,3,0,0,0
2021-09-05 03:15,4,2,2,0,0,0
2021-09-05 03:30,6,3,3,0,0,0
2021-09-05 03:45,7,4,3,0,0,0
2021-09-05 04:00,3,0,3,0,0,0
2021-09-05 04:15,2,2,0,0,0,0
2021-09-05 04:30,1,1,0,0,0,0
2021-09-05 04:45,8,3,5,0,0,0
2021-09-05 05:00,1,0,1,0,0,0
2021-09-05 05:15,4,1,3,0,0,0
2021-09-05 05:30,2,1,1,0,0,0
2021-09-05 05:45,3,3,0,0,0,0
2021-09-05 06:00,5,4,1,0,0,0
2021-09-05 06:15,6,4,2,0,0,0
2021-09-05 06:30,5,3,2,0,0,0
2021-09-05 06:45,4,2,2,0,0,0
2021-09-05 07:00,1,0,1,0,0,0
2021-09-05 07:15,1,0,1,0,0,0
2021-09-05 07:30,5,3,2,0,0,0
2021-09-05 07:45,2,1,1,0,0,0
2021-09-05 08:00,2,2,0,0,0,0
2021-09-05 08:15,7,4,3,0,0,0
2021-09-05 08:30,5,4,1,0,0,0
2021-09-05 08:45,11,8,3,0,0,0
2021-09-05 09:00,8,5,3,0,0,0
2021-09-05 09:15,4,2,2,0,0,0
2021-09-05 09:30,17,13,4,0,0,0
2021-09-05 09:45,36,22,14,0,0,0
2021-09-05 10:00,18,17,1,0,0,0
2021-09-05 10:15,20,15,5,0,0,0
2021-09-05 10:30,25,16,9,0,0,0
2021-09-05 10:45,39,29,10,0,0,0
2021-09-05 11:00,26,18,8,0,0,0
2021-09-05 11:15,27,16,11,0,0,0
2021-09-05 11:30,41,30,11,0,0,0
2021-09-05 11:45,39,30,9,0,0,0
2021-09-05 12:00,30,11,19,0,0,0
2021-09-05 12:15,42,24,18,0,0,0
2021-09-05 12:30,33,22,11,0,0,0
2021-09-05 12:45,25,15,10,0,0,0
2021-09-05 13:00,44,27,17,0,0,0
2021-09-05 13:15,28,17,11,0,0,0
2021-09-05 13:30,32,18,14,0,0,0
2021-09-05 13:45,38,19,19,0,0,0
2021-09-05 14:00,38,23,15,0,0,0
2021-09-05 14:15,44,26,18,0,0,0
2021-09-05 14:30,37,22,15,0,0,0
2021-09-05 14:45,60,43,17,0,0,0
2021-09-05 15:00,50,26,24,0,0,0
2021-09-05 15:15,43,23,20,0,0,0
2021-09-05 15:30,43,23,20,0,0,0
2021-09-05 15:45,29,15,14,0,0,0
2021-09-05 16:00,38,21,17,0,0,0
2021-09-05 16:15,33,17,16,0,0,0
2021-09-05 16:30,37,25,12,0,0,0
2021-09-05 16:45,34,24,10,0,0,0
2021-09-05 17:00,57,36,21,0,0,0
2021-09-05 17:15,40,30,10,0,0,0
2021-09-05 17:30,68,36,32,0,0,0
2021-09-05 17:45,46,35,11,0,0,0
2021-09-05 18:00,48,25,23,0,0,0
2021-09-05 18:15,29,21,8,0,0,0
2021-09-05 18:30,38,19,19,0,0,0
2021-09-05 18:45,36,22,14,0,0,0
2021-09-05 19:00,43,31,12,0,0,0
2021-09-05 19:15,25,16,9,0,0,0
2021-09-05 19:30,23,10,13,0,0,0
2021-09-05 19:45,40,26,14,0,0,0
2021-09-05 20:00,18,8,10,0,0,0
2021-09-05 20:15,25,13,12,0,0,0
2021-09-05 20:30,22,9,13,0,0,0
2021-09-05 20:45,17,9,8,0,0,0
2021-09-05 21:00,19,10,9,0,0,0
2021-09-05 21:15,13,6,7,0,0,0
2021-09-05 21:30,12,7,5,0,0,0
2021-09-05 21:45,6,1,5,0,0,0
2021-09-05 22:00,10,2,8,0,0,0
2021-09-05 22:15,11,8,3,0,0,0
2021-09-05 22:30,9,4,5,0,0,0
2021-09-05 22:45,6,5,1,0,0,0
2021-09-05 23:00,9,6,3,0,0,0
2021-09-05 23:15,6,2,4,0,0,0
2021-09-05 23:30,8,5,3,0,0,0
2021-09-05 23:45,4,1,3,0,0,0
2021-09-06 00:00,3,1,2,0,0,0
2021-09-06 00:15,2,1,1,0,0,0
2021-09-06 00:30,2,0,2,0,0,0
2021-09-06 00:45,2,1,1,0,0,0
2021-09-06 01:00,2,1,1,0,0,0
2021-09-06 01:15,0,0,0,0,0,0
2021-09-06 01:30,1,1,0,0,0,0
2021-09-06 01:45,1,0,1,0,0,0
2021-09-06 02:00,2,0,2,0,0,0
2021-09-06 02:15,0,0,0,0,0,0
2021-09-06 02:30,2,1,1,0,0,0
2021-09-06 02:45,2,2,0,0,0,0
2021-09-06 03:00,0,0,0,0,0,0
2021-09-06 03:15,0,0,0,0,0,0
2021-09-06 03:30,0,0,0,0,0,0
2021-09-06 03:45,0,0,0,0,0,0
2021-09-06 04:00,0,0,0,0,0,0
2021-09-06 04:15,0,0,0,0,0,0
2021-09-06 04:30,2,2,0,0,0,0
2021-09-06 04:45,4,3,1,0,0,0
2021-09-06 05:00,0,0,0,0,0,0
2021-09-06 05:15,6,1,5,0,0,0
2021-09-06 05:30,13,8,5,0,0,0
2021-09-06 05:45,14,9,5,0,0,0
2021-09-06 06:00,7,7,0,0,0,0
2021-09-06 06:15,17,7,10,0,0,0
2021-09-06 06:30,26,14,12,0,0,0
2021-09-06 06:45,51,32,19,0,0,0
2021-09-06 07:00,39,23,16,0,0,0
2021-09-06 07:15,76,44,32,0,0,0
2021-09-06 07:30,148,81,67,0,0,0
2021-09-06 07:45,130,65,65,0,0,0
2021-09-06 08:00,109,74,35,0,0,0
2021-09-06 08:15,63,37,26,0,0,0
2021-09-06 08:30,75,52,23,0,0,0
2021-09-06 08:45,70,42,28,0,0,0
2021-09-06 09:00,46,28,18,0,0,0
2021-09-06 09:15,45,35,10,0,0,0
2021-09-06 09:30,36,28,8,0,0,0
2021-09-06 09:45,54,40,14,0,0,0
2021-09-06 10:00,34,22,12,0,0,0
2021-09-06 10:15,41,31,10,0,0,0
2021-09-06 10:30,40,23,17,0,0,0
2021-09-06 10:45,42,30,12,0,0,0
2021-09-06 11:00,30,20,10,0,0,0
2021-09-06 11:15,35,25,10,0,0,0
2021-09-06 11:30,28,17,11,0,0,0
2021-09-06 11:45,36,25,11,0,0,0
2021-09-06 12:00,43,27,16,0,0,0
2021-09-06 12:15,32,14,18,0,0,0
2021-09-06 12:30,45,26,19,0,0,0
2021-09-06 12:45,31,19,12,0,0,0
2021-09-06 13:00,40,23,17,0,0,0
2021-09-06 13:15,44,23,21,0,0,0
2021-09-06 13:30,65,28,37,0,0,0
2021-09-06 13:45,51,38,13,0,0,0
2021-09-06 14:00,31,20,11,0,0,0
2021-09-06 14:15,52,29,23,0,0,0
2021-09-06 14:30,98,44,54,0,0,0
2021-09-06 14:45,65,37,28,0,0,0
2021-09-06 15:00,88,48,40,0,0,0
2021-09-06 15:15,65,37,28,0,0,0
2021-09-06 15:30,75,38,37,0,0,0
2021-09-06 15:45,73,40,33,0,0,0
2021-09-06 16:00,102,61,41,0,0,0
2021-09-06 16:15,101,64,37,0,0,0
2021-09-06 16:30,100,67,33,0,0,0
2021-09-06 16:45,85,60,25,0,0,0
2021-09-06 17:00,79,44,35,0,0,0
2021-09-06 17:15,101,78,23,0,0,0
2021-09-06 17:30,103,63,40,0,0,0
2021-09-06 17:45,96,54,42,0,0,0
2021-09-06 18:00,86,43,43,0,0,0
2021-09-06 18:15,72,41,31,0,0,0
2021-09-06 18:30,48,27,21,0,0,0
2021-09-06 18:45,45,30,15,0,0,0
2021-09-06 19:00,59,38,21,0,0,0
2021-09-06 19:15,50,28,22,0,0,0
2021-09-06 19:30,50,29,21,0,0,0
2021-09-06 19:45,50,27,23,0,0,0
2021-09-06 20:00,39,22,17,0,0,0
2021-09-06 20:15,30,17,13,0,0,0
2021-09-06 20:30,37,18,19,0,0,0
2021-09-06 20:45,23,8,15,0,0,0
2021-09-06 21:00,27,16,11,0,0,0
2021-09-06 21:15,28,12,16,0,0,0
2021-09-06 21:30,28,19,9,0,0,0
2021-09-06 21:45,19,7,12,0,0,0
2021-09-06 22:00,17,8,9,0,0,0
2021-09-06 22:15,14,7,7,0,0,0
2021-09-06 22:30,17,6,11,0,0,0
2021-09-06 22:45,13,5,8,0,0,0
2021-09-06 23:00,5,2,3,0,0,0
2021-09-06 23:15,10,3,7,0,0,0
2021-09-06 23:30,7,4,3,0,0,0
2021-09-06 23:45,5,5,0,0,0,0
2021-09-07 00:00,5,2,3,0,0,0
2021-09-07 00:15,5,1,4,0,0,0
2021-09-07 00:30,7,5,2,0,0,0
2021-09-07 00:45,0,0,0,0,0,0
2021-09-07 01:00,1,0,1,0,0,0
2021-09-07 01:15,2,0,2,0,0,0
2021-09-07 01:30,0,0,0,0,0,0
2021-09-07 01:45,4,3,1,0,0,0
2021-09-07 02:00,3,0,3,0,0,0
2021-09-07 02:15,1,1,0,0,0,0
2021-09-07 02:30,0,0,0,0,0,0
2021-09-07 02:45,3,1,2,0,0,0
2021-09-07 03:00,2,2,0,0,0,0
2021-09-07 03:15,0,0,0,0,0,0
2021-09-07 03:30,0,0,0,0,0,0
2021-09-07 03:45,1,1,0,0,0,0
2021-09-07 04:00,0,0,0,0,0,0
2021-09-07 04:15,4,0,4,0,0,0
2021-09-07 04:30,3,2,1,0,0,0
2021-09-07 04:45,3,2,1,0,0,0
2021-09-07 05:00,2,1,1,0,0,0
2021-09-07 05:15,7,2,5,0,0,0
2021-09-07 05:30,10,4,6,0,0,0
2021-09-07 05:45,9,6,3,0,0,0
2021-09-07 06:00,10,9,1,0,0,0
2021-09-07 06:15,25,15,10,0,0,0
2021-09-07 06:30,22,9,13,0,0,0
2021-09-07 06:45,42,21,21,0,0,0
2021-09-07 07:00,52,27,25,0,0,0
2021-09-07 07:15,96,50,46,0,0,0
2021-09-07 07:30,122,67,55,0,0,0
2021-09-07 07:45,129,81,48,0,0,0
2021-09-07 08:00,142,90,52,0,0,0
2021-09-07 08:15,91,49,42,0,0,0
2021-09-07 08:30,64,36,28,0,0,0
2021-09-07 08:45,81,52,29,0,0,0
2021-09-07 09:00,39,31,8,0,0,0
2021-09-07 09:15,46,35,11,0,0,0
2021-09-07 09:30,52,38,14,0,0,0
2021-09-07 09:45,35,27,8,0,0,0
2021-09-07 10:00,32,24,8,0,0,0
2021-09-07 10:15,47,33,14,0,0,0
2021-09-07 10:30,44,32,12,0,0,0
2021-09-07 10:45,43,23,20,0,0,0
2021-09-07 11:00,43,36,7,0,0,0
2021-09-07 11:15,43,34,9,0,0,0
2021-09-07 11:30,32,19,13,0,0,0
2021-09-07 11:45,36,24,12,0,0,0
2021-09-07 12:00,51,35,16,0,0,0
2021-09-07 12:15,33,22,11,0,0,0
2021-09-07 12:30,37,20,17,0,0,0
2021-09-07 12:45,58,39,19,0,0,0
2021-09-07 13:00,45,23,22,0,0,0
2021-09-07 13:15,58,40,18,0,0,0
2021-09-07 13:30,60,34,26,0,0,0
2021-09-07 13:45,57,39,18,0,0,0
2021-09-07 14:00,52,29,23,0,0,0
2021-09-07 14:15,82,46,36,0,0,0
2021-09-07 14:30,64,37,27,0,0,0
2021-09-07 14:45,70,42,28,0,0,0
2021-09-07 15:00,47,30,17,0,0,0
2021-09-07 15:15,78,46,32,0,0,0
2021-09-07 15:30,72,50,22,0,0,0
2021-09-07 15:45,61,39,22,0,0,0
2021-09-07 16:00,103,63,40,0,0,0
2021-09-07 16:15,102,79,23,0,0,0
2021-09-07 16:30,93,58,35,0,0,0
2021-09-07 16:45,84,56,28,0,0,0
2021-09-07 17:00,96,52,44,0,0,0
2021-09-07 17:15,85,52,33,0,0,0
2021-09-07 17:30,82,48,34,0,0,0
2021-09-07 17:45,89,56,33,0,0,0
2021-09-07 18:00,82,40,42,0,0,0
2021-09-07 18:15,62,39,23,0,0,0
2021-09-07 18:30,78,45,33,0,0,0
2021-09-07 18:45,61,38,23,0,0,0
2021-09-07 19:00,55,33,22,0,0,0
2021-09-07 19:15,51,34,17,0,0,0
2021-09-07 19:30,43,26,17,0,0,0
2021-09-07 19:45,46,21,25,0,0,0
2021-09-07 20:00,45,21,24,0,0,0
2021-09-07 20:15,39,21,18,0,0,0
2021-09-07 20:30,40,16,24,0,0,0
2021-09-07 20:45,21,11,10,0,0,0
2021-09-07 21:00,37,26,11,0,0,0
2021-09-07 21:15,32,13,19,0,0,0
2021-09-07 21:30,22,9,13,0,0,0
2021-09-07 21:45,30,17,13,0,0,0
2021-09-07 22:00,30,12,18,0,0,0
2021-09-07 22:15,23,10,13,0,0,0
2021-09-07 22:30,23,8,15,0,0,0
2021-09-07 22:45,12,1,11,0,0,0
2021-09-07 23:00,9,4,5,0,0,0
2021-09-07 23:15,15,9,6,0,0,0
2021-09-07 23:30,7,2,5,0,0,0
2021-09-07 23:45,5,1,4,0,0,0
2021-09-08 00:00,3,2,1,0,0,0
2021-09-08 00:15,10,4,6,0,0,0
2021-09-08 00:30,3,1,2,0,0,0
2021-09-08 00:45,4,1,3,0,0,0
2021-09-08 01:00,3,0,3,0,0,0
2021-09-08 01:15,1,1,0,0,0,0
2021-09-08 01:30,4,3,1,0,0,0
2021-09-08 01:45,1,0,1,0,0,0
2021-09-08 02:00,4,0,4,0,0,0
2021-09-08 02:15,4,3,1,0,0,0
2021-09-08 02:30,2,0,2,0,0,0
2021-09-08 02:45,1,1,0,0,0,0
2021-09-08 03:00,1,0,1,0,0,0
2021-09-08 03:15,1,1,0,0,0,0
2021-09-08 03:30,0,0,0,0,0,0
2021-09-08 03:45,1,1,0,0,0,0
2021-09-08 04:00,0,0,0,0,0,0
2021-09-08 04:15,0,0,0,0,0,0
2021-09-08 04:30,7,4,3,0,0,0
2021-09-08 04:45,5,4,1,0,0,0
2021-09-08 05:00,1,1,0,0,0,0
2021-09-08 05:15,4,3,1,0,0,0
2021-09-08 05:30,16,9,7,0,0,0
2021-09-08 05:45,18,12,6,0,0,0
2021-09-08 06:00,6,5,1,0,0,0
2021-09-08 06:15,20,12,8,0,0,0
2021-09-08 06:30,28,14,14,0,0,0
2021-09-08 06:45,53,31,22,0,0,0
2021-09-08 07:00,45,24,21,0,0,0
2021-09-08 07:15,72,39,33,0,0,0
2021-09-08 07:30,110,59,51,0,0,0
2021-09-08 07:45,135,85,50,0,0,0
2021-09-08 08:00,131,88,43,0,0,0
2021-09-08 08:15,85,41,44,0,0,0
2021-09-08 08:30,87,48,39,0,0,0
2021-09-08 08:45,67,37,30,0,0,0
2021-09-08 09:00,45,32,13,0,0,0
2021-09-08 09:15,47,31,16,0,0,0
2021-09-08 09:30,52,36,16,0,0,0
2021-09-08 09:45,46,31,15,0,0,0
2021-09-08 10:00,34,20,14,0,0,0
2021-09-08 10:15,44,34,10,0,0,0
2021-09-08 10:30,40,34,6,0,0,0
2021-09-08 10:45,45,34,11,0,0,0
2021-09-08 11:00,54,41,13,0,0,0
2021-09-08 11:15,47,26,21,0,0,0
2021-09-08 11:30,52,39,13,0,0,0
2021-09-08 11:45,45,28,17,0,0,0
2021-09-08 12:00,54,34,20,0,0,0
2021-09-08 12:15,43,25,18,0,0,0
2021-09-08 12:30,73,43,30,0,0,0
2021-09-08 12:45,46,36,10,0,0,0
2021-09-08 13:00,60,29,31,0,0,0
2021-09-08 13:15,52,38,14,0,0,0
2021-09-08 13:30,60,25,35,0,0,0
2021-09-08 13:45,55,34,21,0,0,0
2021-09-08 14:00,52,27,25,0,0,0
2021-09-08 14:15,57,39,18,0,0,0
2021-09-08 14:30,70,38,32,0,0,0
2021-09-08 14:45,69,47,22,0,0,0
2021-09-08 15:00,79,45,34,0,0,0
2021-09-08 15:15,73,56,17,0,0,0
2021-09-08 15:30,95,69,26,0,0,0
2021-09-08 15:45,79,48,31,0,0,0
2021-09-08 16:00,78,50,28,0,0,0
2021-09-08 16:15,106,62,44,0,0,0
2021-09-08 16:30,70,42,28,0,0,0
2021-09-08 16:45,87,61,26,0,0,0
2021-09-08 17:00,89,49,40,0,0,0
2021-09-08 17:15,90,53,37,0,0,0
2021-09-08 17:30,80,44,36,0,0,0
2021-09-08 17:45,92,51,41,0,0,0
2021-09-08 18:00,75,43,32,0,0,0
2021-09-08 18:15,75,44,31,0,0,0
2021-09-08 18:30,56,41,15,0,0,0
2021-09-08 18:45,75,55,20,0,0,0
2021-09-08 19:00,77,43,34,0,0,0
2021-09-08 19:15,74,50,24,0,0,0
2021-09-08 19:30,54,34,20,0,0,0
2021-09-08 19:45,60,37,23,0,0,0
2021-09-08 20:00,59,32,27,0,0,0
2021-09-08 20:15,47,29,18,0,0,0
2021-09-08 20:30,31,14,17,0,0,0
2021-09-08 20:45,42,21,21,0,0,0
2021-09-08 21:00,36,16,20,0,0,0
2021-09-08 21:15,34,16,18,0,0,0
2021-09-08 21:30,39,26,13,0,0,0
2021-09-08 21:45,37,24,13,0,0,0
2021-09-08 22:00,23,13,10,0,0,0
2021-09-08 22:15,27,7,20,0,0,0
2021-09-08 22:30,19,5,14,0,0,0
2021-09-08 22:45,20,9,11,0,0,0
2021-09-08 23:00,18,7,11,0,0,0
2021-09-08 23:15,15,6,9,0,0,0
2021-09-08 23:30,15,2,13,0,0,0
2021-09-08 23:45,10,3,7,0,0,0
2021-09-09 00:00,6,1,5,0,0,0
2021-09-09 00:15,4,3,1,0,0,0
2021-09-09 00:30,4,1,3,0,0,0
2021-09-09 00:45,2,0,2,0,0,0
2021-09-09 01:00,3,2,1,0,0,0
2021-09-09 01:15,8,2,6,0,0,0
2021-09-09 01:30,7,1,6,0,0,0
2021-09-09 01:45,6,1,5,0,0,0
2021-09-09 02:00,8,1,7,0,0,0
2021-09-09 02:15,1,0,1,0,0,0
2021-09-09 02:30,0,0,0,0,0,0
2021-09-09 02:45,5,2,3,0,0,0
2021-09-09 03:00,2,1,1,0,0,0
2021-09-09 03:15,5,1,4,0,0,0
2021-09-09 03:30,3,1,2,0,0,0
2021-09-09 03:45,2,0,2,0,0,0
2021-09-09 04:00,0,0,0,0,0,0
2021-09-09 04:15,2,1,1,0,0,0
2021-09-09 04:30,7,4,3,0,0,0
2021-09-09 04:45,2,2,0,0,0,0
2021-09-09 05:00,1,1,0,0,0,0
2021-09-09 05:15,7,2,5,0,0,0
2021-09-09 05:30,11,7,4,0,0,0
2021-09-09 05:45,18,13,5,0,0,0
2021-09-09 06:00,12,10,2,0,0,0
2021-09-09 06:15,19,11,8,0,0,0
2021-09-09 06:30,27,13,14,0,0,0
2021-09-09 06:45,46,26,20,0,0,0
2021-09-09 07:00,41,24,17,0,0,0
2021-09-09 07:15,71,39,32,0,0,0
2021-09-09 07:30,138,79,59,0,0,0
2021-09-09 07:45,124,80,44,0,0,0
2021-09-09 08:00,120,89,31,0,0,0
2021-09-09 08:15,55,31,24,0,0,0
2021-09-09 08:30,69,40,29,0,0,0
2021-09-09 08:45,89,55,34,0,0,0
2021-09-09 09:00,47,32,15,0,0,0
2021-09-09 09:15,43,32,11,0,0,0
2021-09-09 09:30,44,33,11,0,0,0
2021-09-09 09:45,47,32,15,0,0,0
2021-09-09 10:00,29,19,10,0,0,0
2021-09-09 10:15,41,28,13,0,0,0
2021-09-09 10:30,40,23,17,0,0,0
2021-09-09 10:45,54,39,15,0,0,0
2021-09-09 11:00,23,16,7,0,0,0
2021-09-09 11:15,53,37,16,0,0,0
2021-09-09 11:30,31,21,10,0,0,0
2021-09-09 11:45,52,34,18,0,0,0
2021-09-09 12:00,47,21,26,0,0,0
2021-09-09 12:15,48,24,24,0,0,0
2021-09-09 12:30,40,20,20,0,0,0
2021-09-09 12:45,59,33,26,0,0,0
2021-09-09 13:00,70,40,30,0,0,0
2021-09-09 13:15,42,19,23,0,0,0
2021-09-09 13:30,54,28,26,0,0,0
2021-09-09 13:45,56,35,21,0,0,0
2021-09-09 14:00,62,38,24,0,0,0
2021-09-09 14:15,59,40,19,0,0,0
2021-09-09 14:30,66,39,27,0,0,0
2021-09-09 14:45,76,53,23,0,0,0
2021-09-09 15:00,90,57,33,0,0,0
2021-09-09 15:15,63,37,26,0,0,0
2021-09-09 15:30,83,54,29,0,0,0
2021-09-09 15:45,87,52,35,0,0,0
2021-09-09 16:00,79,46,33,0,0,0
2021-09-09 16:15,91,58,33,0,0,0
2021-09-09 16:30,80,47,33,0,0,0
2021-09-09 16:45,89,59,30,0,0,0
2021-09-09 17:00,85,51,34,0,0,0
2021-09-09 17:15,78,42,36,0,0,0
2021-09-09 17:30,92,56,36,0,0,0
2021-09-09 17:45,74,41,33,0,0,0
2021-09-09 18:00,73,43,30,0,0,0
2021-09-09 18:15,83,50,33,0,0,0
2021-09-09 18:30,55,31,24,0,0,0
2021-09-09 18:45,64,33,31,0,0,0
2021-09-09 19:00,69,29,40,0,0,0
2021-09-09 19:15,67,41,26,0,0,0
2021-09-09 19:30,35,24,11,0,0,0
2021-09-09 19:45,50,29,21,0,0,0
2021-09-09 20:00,38,16,22,0,0,0
2021-09-09 20:15,49,26,23,0,0,0
2021-09-09 20:30,40,24,16,0,0,0
2021-09-09 20:45,24,12,12,0,0,0
2021-09-09 21:00,21,8,13,0,0,0
2021-09-09 21:15,21,14,7,0,0,0
2021-09-09 21:30,15,7,8,0,0,0
2021-09-09 21:45,14,8,6,0,0,0
2021-09-09 22:00,20,10,10,0,0,0
2021-09-09 22:15,28,13,15,0,0,0
2021-09-09 22:30,16,11,5,0,0,0
2021-09-09 22:45,17,2,15,0,0,0
2021-09-09 23:00,14,5,9,0,0,0
2021-09-09 23:15,5,1,4,0,0,0
2021-09-09 23:30,3,0,3,0,0,0
2021-09-09 23:45,3,3,0,0,0,0
2021-09-10 00:00,9,5,4,0,0,0
2021-09-10 00:15,2,1,1,0,0,0
2021-09-10 00:30,4,2,2,0,0,0
2021-09-10 00:45,2,0,2,0,0,0
2021-09-10 01:00,5,3,2,0,0,0
2021-09-10 01:15,3,1,2,0,0,0
2021-09-10 01:30,3,0,3,0,0,0
2021-09-10 01:45,2,0,2,0,0,0
2021-09-10 02:00,4,1,3,0,0,0
2021-09-10 02:15,2,0,2,0,0,0
2021-09-10 02:30,1,1,0,0,0,0
2021-09-10 02:45,3,1,2,0,0,0
2021-09-10 03:00,2,1,1,0,0,0
2021-09-10 03:15,0,0,0,0,0,0
2021-09-10 03:30,0,0,0,0,0,0
2021-09-10 03:45,0,0,0,0,0,0
2021-09-10 04:00,2,1,1,0,0,0
2021-09-10 04:15,1,1,0,0,0,0
2021-09-10 04:30,2,1,1,0,0,0
2021-09-10 04:45,5,4,1,0,0,0
2021-09-10 05:00,0,0,0,0,0,0
2021-09-10 05:15,5,3,2,0,0,0
2021-09-10 05:30,8,5,3,0,0,0
2021-09-10 05:45,12,9,3,0,0,0
2021-09-10 06:00,9,8,1,0,0,0
2021-09-10 06:15,16,12,4,0,0,0
2021-09-10 06:30,17,7,10,0,0,0
2021-09-10 06:45,44,27,17,0,0,0
2021-09-10 07:00,35,24,11,0,0,0
2021-09-10 07:15,64,48,16,0,0,0
2021-09-10 07:30,98,56,42,0,0,0
2021-09-10 07:45,121,74,47,0,0,0
2021-09-10 08:00,104,68,36,0,0,0
2021-09-10 08:15,65,39,26,0,0,0
2021-09-10 08:30,57,30,27,0,0,0
2021-09-10 08:45,60,37,23,0,0,0
2021-09-10 09:00,43,32,11,0,0,0
2021-09-10 09:15,41,34,7,0,0,0
2021-09-10 09:30,38,30,8,0,0,0
2021-09-10 09:45,42,31,11,0,0,0
2021-09-10 10:00,37,28,9,0,0,0
2021-09-10 10:15,32,21,11,0,0,0
2021-09-10 10:30,31,19,12,0,0,0
2021-09-10 10:45,39,30,9,0,0,0
2021-09-10 11:00,49,34,15,0,0,0
2021-09-10 11:15,29,24,5,0,0,0
2021-09-10 11:30,26,15,11,0,0,0
2021-09-10 11:45,38,27,11,0,0,0
2021-09-10 12:00,48,32,16,0,0,0
2021-09-10 12:15,41,22,19,0,0,0
2021-09-10 12:30,52,30,22,0,0,0
2021-09-10 12:45,55,28,27,0,0,0
2021-09-10 13:00,88,54,34,0,0,0
2021-09-10 13:15,58,37,21,0,0,0
2021-09-10 13:30,66,32,34,0,0,0
2021-09-10 13:45,60,38,22,0,0,0
2021-09-10 14:00,48,32,16,0,0,0
2021-09-10 14:15,73,40,33,0,0,0
2021-09-10 14:30,76,48,28,0,0,0
2021-09-10 14:45,75,47,28,0,0,0
2021-09-10 15:00,61,41,20,0,0,0
2021-09-10 15:15,66,35,31,0,0,0
2021-09-10 15:30,73,48,25,0,0,0
2021-09-10 15:45,57,38,19,0,0,0
2021-09-10 16:00,66,37,29,0,0,0
2021-09-10 16:15,58,32,26,0,0,0
2021-09-10 16:30,68,31,37,0,0,0
2021-09-10 16:45,55,44,11,0,0,0
2021-09-10 17:00,47,30,17,0,0,0
2021-09-10 17:15,68,42,26,0,0,0
2021-09-10 17:30,40,23,17,0,0,0
2021-09-10 17:45,56,32,24,0,0,0
2021-09-10 18:00,59,34,25,0,0,0
2021-09-10 18:15,52,31,21,0,0,0
2021-09-10 18:30,29,17,12,0,0,0
2021-09-10 18:45,48,30,18,0,0,0
2021-09-10 19:00,39,24,15,0,0,0
2021-09-10 19:15,52,32,20,0,0,0
2021-09-10 19:30,36,24,12,0,0,0
2021-09-10 19:45,31,21,10,0,0,0
2021-09-10 20:00,53,34,19,0,0,0
2021-09-10 20:15,36,24,12,0,0,0
2021-09-10 20:30,28,18,10,0,0,0
2021-09-10 20:45,15,14,1,0,0,0
2021-09-10 21:00,13,2,11,0,0,0
2021-09-10 21:15,11,8,3,0,0,0
2021-09-10 21:30,23,16,7,0,0,0
2021-09-10 21:45,19,12,7,0,0,0
2021-09-10 22:00,35,15,20,0,0,0
2021-09-10 22:15,20,4,16,0,0,0
2021-09-10 22:30,23,10,13,0,0,0
2021-09-10 22:45,22,6,16,0,0,0
2021-09-10 23:00,18,8,10,0,0,0
2021-09-10 23:15,15,8,7,0,0,0
2021-09-10 23:30,23,15,8,0,0,0
2021-09-10 23:45,14,4,10,0,0,0
2021-09-11 00:00,14,6,8,0,0,0
2021-09-11 00:15,18,6,12,0,0,0
2021-09-11 00:30,18,5,13,0,0,0
2021-09-11 00:45,22,4,18,0,0,0
2021-09-11 01:00,19,8,11,0,0,0
2021-09-11 01:15,16,7,9,0,0,0
2021-09-11 01:30,13,3,10,0,0,0
2021-09-11 01:45,13,4,9,0,0,0
2021-09-11 02:00,9,4,5,0,0,0
2021-09-11 02:15,17,7,10,0,0,0
2021-09-11 02:30,10,1,9,0,0,0
2021-09-11 02:45,6,0,6,0,0,0
2021-09-11 03:00,12,5,7,0,0,0
2021-09-11 03:15,7,4,3,0,0,0
2021-09-11 03:30,3,0,3,0,0,0
2021-09-11 03:45,5,2,3,0,0,0
2021-09-11 04:00,1,1,0,0,0,0
2021-09-11 04:15,3,1,2,0,0,0
2021-09-11 04:30,5,2,3,0,0,0
2021-09-11 04:45,3,0,3,0,0,0
2021-09-11 05:00,2,0,2,0,0,0
2021-09-11 05:15,4,2,2,0,0,0
2021-09-11 05:30,1,1,0,0,0,0
2021-09-11 05:45,3,2,1,0,0,0
2021-09-11 06:00,4,2,2,0,0,0
2021-09-11 06:15,4,3,1,0,0,0
2021-09-11 06:30,7,6,1,0,0,0
2021-09-11 06:45,8,5,3,0,0,0
2021-09-11 07:00,6,4,2,0,0,0
2021-09-11 07:15,5,4,1,0,0,0
2021-09-11 07:30,10,3,7,0,0,0
2021-09-11 07:45,18,10,8,0,0,0
2021-09-11 08:00,15,12,3,0,0,0
2021-09-11 08:15,11,9,2,0,0,0
2021-09-11 08:30,17,9,8,0,0,0
2021-09-11 08:45,17,11,6,0,0,0
2021-09-11 09:00,29,22,7,0,0,0
2021-09-11 09:15,25,20,5,0,0,0
2021-09-11 09:30,26,23,3,0,0,0
2021-09-11 09:45,43,30,13,0,0,0
2021-09-11 10:00,31,19,12,0,0,0
2021-09-11 10:15,19,14,5,0,0,0
2021-09-11 10:30,37,25,12,0,0,0
2021-09-11 10:45,36,30,6,0,0,0
2021-09-11 11:00,41,34,7,0,0,0
2021-09-11 11:15,47,33,14,0,0,0
2021-09-11 11:30,56,35,21,0,0,0
2021-09-11 11:45,31,19,12,0,0,0
2021-09-11 12:00,38,23,15,0,0,0
2021-09-11 12:15,39,24,15,0,0,0
2021-09-11 12:30,45,27,18,0,0,0
2021-09-11 12:45,48,31,17,0,0,0
2021-09-11 13:00,40,27,13,0,0,0
2021-09-11 13:15,48,31,17,0,0,0
2021-09-11 13:30,38,16,22,0,0,0
2021-09-11 13:45,53,33,20,0,0,0
2021-09-11 14:00,38,28,10,0,0,0
2021-09-11 14:15,40,24,16,0,0,0
2021-09-11 14:30,39,25,14,0,0,0
2021-09-11 14:45,50,36,14,0,0,0
2021-09-11 15:00,48,34,14,0,0,0
2021-09-11 15:15,36,21,15,0,0,0
2021-09-11 15:30,62,40,22,0,0,0
2021-09-11 15:45,37,22,15,0,0,0
2021-09-11 16:00,35,13,22,0,0,0
2021-09-11 16:15,33,13,20,0,0,0
2021-09-11 16:30,53,41,12,0,0,0
2021-09-11 16:45,51,32,19,0,0,0
2021-09-11 17:00,34,21,13,0,0,0
2021-09-11 17:15,32,18,14,0,0,0
2021-09-11 17:30,45,33,12,0,0,0
2021-09-11 17:45,48,32,16,0,0,0
2021-09-11 18:00,38,24,14,0,0,0
2021-09-11 18:15,44,23,21,0,0,0
2021-09-11 18:30,32,22,10,0,0,0
2021-09-11 18:45,38,27,11,0,0,0
2021-09-11 19:00,32,23,9,0,0,0
2021-09-11 19:15,46,25,21,0,0,0
2021-09-11 19:30,53,27,26,0,0,0
2021-09-11 19:45,39,27,12,0,0,0
2021-09-11 20:00,34,21,13,0,0,0
2021-09-11 20:15,23,13,10,0,0,0
2021-09-11 20:30,21,14,7,0,0,0
2021-09-11 20:45,31,19,12,0,0,0
2021-09-11 21:00,23,12,11,0,0,0
2021-09-11 21:15,32,16,16,0,0,0
2021-09-11 21:30,10,6,4,0,0,0
2021-09-11 21:45,13,8,5,0,0,0
2021-09-11 22:00,19,16,3,0,0,0
2021-09-11 22:15,10,2,8,0,0,0
2021-09-11 22:30,10,4,6,0,0,0
2021-09-11 22:45,12,7,5,0,0,0
2021-09-11 23:00,19,8,11,0,0,0
2021-09-11 23:15,10,8,2,0,0,0
2021-09-11 23:30,15,8,7,0,0,0
2021-09-11 23:45,13,7,6,0,0,0
2021-09-12 00:00,13,9,4,0,0,0
2021-09-12 00:15,6,2,4,0,0,0
2021-09-12 00:30,20,10,10,0,0,0
2021-09-12 00:45,4,1,3,0,0,0
2021-09-12 01:00,14,2,12,0,0,0
2021-09-12 01:15,13,5,8,0,0,0
2021-09-12 01:30,12,3,9,0,0,0
2021-09-12 01:45,6,3,3,0,0,0
2021-09-12 02:00,5,3,2,0,0,0
2021-09-12 02:15,11,5,6,0,0,0
2021-09-12 02:30,6,1,5,0,0,0
2021-09-12 02:45,5,1,4,0,0,0
2021-09-12 03:00,4,1,3,0,0,0
2021-09-12 03:15,7,0,7,0,0,0
2021-09-12 03:30,9,1,8,0,0,0
2021-09-12 03:45,8,1,7,0,0,0
2021-09-12 04:00,3,1,2,0,0,0
2021-09-12 04:15,3,1,2,0,0,0
2021-09-12 04:30,4,2,2,0,0,0
2021-09-12 04:45,2,1,1,0,0,0
2021-09-12 05:00,5,0,5,0,0,0
2021-09-12 05:15,3,2,1,0,0,0
2021-09-12 05:30,2,1,1,0,0,0
2021-09-12 05:45,2,1,1,0,0,0
2021-09-12 06:00,0,0,0,0,0,0
2021-09-12 06:15,0,0,0,0,0,0
2021-09-12 06:30,3,1,2,0,0,0
2021-09-12 06:45,3,3,0,0,0,0
2021-09-12 07:00,2,1,1,0,0,0
2021-09-12 07:15,5,5,0,0,0,0
2021-09-12 07:30,13,7,6,0,0,0
2021-09-12 07:45,18,16,2,0,0,0
2021-09-12 08:00,20,20,0,0,0,0
2021-09-12 08:15,25,19,6,0,0,0
2021-09-12 08:30,36,35,1,0,0,0
2021-09-12 08:45,49,44,5,0,0,0
2021-09-12 09:00,22,18,4,0,0,0
2021-09-12 09:15,20,15,5,0,0,0
2021-09-12 09:30,34,23,11,0,0,0
2021-09-12 09:45,58,37,21,0,0,0
2021-09-12 10:00,28,20,8,0,0,0
2021-09-12 10:15,39,28,11,0,0,0
2021-09-12 10:30,57,24,33,0,0,0
2021-09-12 10:45,54,29,25,0,0,0
2021-09-12 11:00,44,28,16,0,0,0
2021-09-12 11:15,42,24,18,0,0,0
2021-09-12 11:30,46,27,19,0,0,0
2021-09-12 11:45,25,18,7,0,0,0
2021-09-12 12:00,40,30,10,0,0,0
2021-09-12 12:15,45,15,30,0,0,0
2021-09-12 12:30,52,24,28,0,0,0
2021-09-12 12:45,37,27,10,0,0,0
2021-09-12 13:00,47,24,23,0,0,0
2021-09-12 13:15,48,28,20,0,0,0
2021-09-12 13:30,47,21,26,0,0,0
2021-09-12 13:45,59,29,30,0,0,0
2021-09-12 14:00,42,20,22,0,0,0
2021-09-12 14:15,68,32,36,0,0,0
2021-09-12 14:30,55,20,35,0,0,0
2021-09-12 14:45,58,26,32,0,0,0
2021-09-12 15:00,63,33,30,0,0,0
2021-09-12 15:15,56,28,28,0,0,0
2021-09-12 15:30,38,16,22,0,0,0
2021-09-12 15:45,36,16,20,0,0,0
2021-09-12 16:00,27,18,9,0,0,0
2021-09-12 16:15,41,19,22,0,0,0
2021-09-12 16:30,37,15,22,0,0,0
2021-09-12 16:45,41,22,19,0,0,0
2021-09-12 17:00,37,26,11,0,0,0
2021-09-12 17:15,43,29,14,0,0,0
2021-09-12 17:30,44,29,15,0,0,0
2021-09-12 17:45,49,33,16,0,0,0
2021-09-12 18:00,31,21,10,0,0,0
2021-09-12 18:15,46,28,18,0,0,0
2021-09-12 18:30,36,28,8,0,0,0
2021-09-12 18:45,36,25,11,0,0,0
2021-09-12 19:00,34,21,13,0,0,0
2021-09-12 19:15,26,14,12,0,0,0
2021-09-12 19:30,35,22,13,0,0,0
2021-09-12 19:45,24,12,12,0,0,0
2021-09-12 20:00,29,13,16,0,0,0
2021-09-12 20:15,18,10,8,0,0,0
2021-09-12 20:30,24,14,10,0,0,0
2021-09-12 20:45,13,3,10,0,0,0
2021-09-12 21:00,15,7,8,0,0,0
2021-09-12 21:15,8,5,3,0,0,0
2021-09-12 21:30,19,12,7,0,0,0
2021-09-12 21:45,18,5,13,0,0,0
2021-09-12 22:00,11,5,6,0,0,0
2021-09-12 22:15,12,5,7,0,0,0
2021-09-12 22:30,8,3,5,0,0,0
2021-09-12 22:45,7,1,6,0,0,0
2021-09-12 23:00,9,3,6,0,0,0
2021-09-12 23:15,4,1,3,0,0,0
2021-09-12 23:30,12,6,6,0,0,0
2021-09-12 23:45,4,4,0,0,0,0
2021-09-13 00:00,3,3,0,0,0,0
2021-09-13 00:15,3,2,1,0,0,0
2021-09-13 00:30,3,2,1,0,0,0
2021-09-13 00:45,2,1,1,0,0,0
2021-09-13 01:00,3,1,2,0,0,0
2021-09-13 01:15,1,0,1,0,0,0
2021-09-13 01:30,3,2,1,0,0,0
2021-09-13 01:45,1,0,1,0,0,0
2021-09-13 02:00,2,0,2,0,0,0
2021-09-13 02:15,0,0,0,0,0,0
2021-09-13 02:30,1,0,1,0,0,0
2021-09-13 02:45,1,1,0,0,0,0
2021-09-13 03:00,0,0,0,0,0,0
2021-09-13 03:15,2,1,1,0,0,0
2021-09-13 03:30,0,0,0,0,0,0
2021-09-13 03:45,0,0,0,0,0,0
2021-09-13 04:00,0,0,0,0,0,0
2021-09-13 04:15,0,0,0,0,0,0
2021-09-13 04:30,3,3,0,0,0,0
2021-09-13 04:45,3,3,0,0,0,0
2021-09-13 05:00,0,0,0,0,0,0
2021-09-13 05:15,2,1,1,0,0,0
2021-09-13 05:30,13,6,7,0,0,0
2021-09-13 05:45,10,7,3,0,0,0
2021-09-13 06:00,12,10,2,0,0,0
2021-09-13 06:15,21,14,7,0,0,0
2021-09-13 06:30,26,14,12,0,0,0
2021-09-13 06:45,45,28,17,0,0,0
2021-09-13 07:00,35,20,15,0,0,0
2021-09-13 07:15,69,40,29,0,0,0
2021-09-13 07:30,141,74,67,0,0,0
2021-09-13 07:45,141,94,47,0,0,0
2021-09-13 08:00,118,78,40,0,0,0
2021-09-13 08:15,68,40,28,0,0,0
2021-09-13 08:30,57,34,23,0,0,0
2021-09-13 08:45,50,24,26,0,0,0
2021-09-13 09:00,37,17,20,0,0,0
2021-09-13 09:15,41,27,14,0,0,0
2021-09-13 09:30,43,30,13,0,0,0
2021-09-13 09:45,45,34,11,0,0,0
2021-09-13 10:00,28,24,4,0,0,0
2021-09-13 10:15,31,24,7,0,0,0
2021-09-13 10:30,40,33,7,0,0,0
2021-09-13 10:45,35,24,11,0,0,0
2021-09-13 11:00,30,22,8,0,0,0
2021-09-13 11:15,27,16,11,0,0,0
2021-09-13 11:30,40,25,15,0,0,0
2021-09-13 11:45,39,29,10,0,0,0
2021-09-13 12:00,35,19,16,0,0,0
2021-09-13 12:15,47,29,18,0,0,0
2021-09-13 12:30,42,16,26,0,0,0
2021-09-13 12:45,45,33,12,0,0,0
2021-09-13 13:00,46,24,22,0,0,0
2021-09-13 13:15,34,15,19,0,0,0
2021-09-13 13:30,56,27,29,0,0,0
2021-09-13 13:45,63,30,33,0,0,0
2021-09-13 14:00,46,32,14,0,0,0
2021-09-13 14:15,50,29,21,0,0,0
2021-09-13 14:30,63,31,32,0,0,0
2021-09-13 14:45,48,30,18,0,0,0
2021-09-13 15:00,81,41,40,0,0,0
2021-09-13 15:15,68,48,20,0,0,0
2021-09-13 15:30,58,33,25,0,0,0
2021-09-13 15:45,78,50,28,0,0,0
2021-09-13 16:00,66,42,24,0,0,0
2021-09-13 16:15,90,61,29,0,0,0
2021-09-13 16:30,77,47,30,0,0,0
2021-09-13 16:45,90,51,39,0,0,0
2021-09-13 17:00,76,49,27,0,0,0
2021-09-13 17:15,71,44,27,0,0,0
2021-09-13 17:30,94,58,36,0,0,0
2021-09-13 17:45,94,49,45,0,0,0
2021-09-13 18:00,74,51,23,0,0,0
2021-09-13 18:15,72,35,37,0,0,0
2021-09-13 18:30,60,40,20,0,0,0
2021-09-13 18:45,50,34,16,0,0,0
2021-09-13 19:00,47,29,18,0,0,0
2021-09-13 19:15,69,35,34,0,0,0
2021-09-13 19:30,47,28,19,0,0,0
2021-09-13 19:45,37,20,17,0,0,0
2021-09-13 20:00,39,28,11,0,0,0
2021-09-13 20:15,39,15,24,0,0,0
2021-09-13 20:30,28,14,14,0,0,0
2021-09-13 20:45,28,13,15,0,0,0
2021-09-13 21:00,20,8,12,0,0,0
2021-09-13 21:15,22,13,9,0,0,0
2021-09-13 21:30,23,14,9,0,0,0
2021-09-13 21:45,16,6,10,0,0,0
2021-09-13 22:00,17,8,9,0,0,0
2021-09-13 22:15,27,7,20,0,0,0
2021-09-13 22:30,16,8,8,0,0,0
2021-09-13 22:45,7,4,3,0,0,0
2021-09-13 23:00,11,5,6,0,0,0
2021-09-13 23:15,8,1,7,0,0,0
2021-09-13 23:30,3,2,1,0,0,0
2021-09-13 23:45,6,4,2,0,0,0
