Datetime,100034980 (Hammer Straße),101034980 (Hammer Straße stadteinwärts),102034980 (Hammer Straße stadtauswärts),100034980-status,101034980-status,102034980-status
2022-03-01 00:00,9,1,8,0,0,0
2022-03-01 00:15,6,2,4,0,0,0
2022-03-01 00:30,12,6,6,0,0,0
2022-03-01 00:45,4,0,4,0,0,0
2022-03-01 01:00,5,1,4,0,0,0
2022-03-01 01:15,3,0,3,0,0,0
2022-03-01 01:30,7,0,7,0,0,0
2022-03-01 01:45,4,1,3,0,0,0
2022-03-01 02:00,1,0,1,0,0,0
2022-03-01 02:15,1,0,1,0,0,0
2022-03-01 02:30,1,0,1,0,0,0
2022-03-01 02:45,0,0,0,0,0,0
2022-03-01 03:00,5,0,5,0,0,0
2022-03-01 03:15,2,0,2,0,0,0
2022-03-01 03:30,1,0,1,0,0,0
2022-03-01 03:45,0,0,0,0,0,0
2022-03-01 04:00,3,3,0,0,0,0
2022-03-01 04:15,0,0,0,0,0,0
2022-03-01 04:30,3,2,1,0,0,0
2022-03-01 04:45,2,2,0,0,0,0
2022-03-01 05:00,1,1,0,0,0,0
2022-03-01 05:15,5,5,0,0,0,0
2022-03-01 05:30,21,16,5,0,0,0
2022-03-01 05:45,19,17,2,0,0,0
2022-03-01 06:00,21,14,7,0,0,0
2022-03-01 06:15,31,19,12,0,0,0
2022-03-01 06:30,47,29,18,0,0,0
2022-03-01 06:45,53,30,23,0,0,0
2022-03-01 07:00,70,43,27,0,0,0
2022-03-01 07:15,89,60,29,0,0,0
2022-03-01 07:30,139,89,50,0,0,0
2022-03-01 07:45,152,105,47,0,0,0
2022-03-01 08:00,120,73,47,0,0,0
2022-03-01 08:15,132,85,47,0,0,0
2022-03-01 08:30,110,69,41,0,0,0
2022-03-01 08:45,127,98,29,0,0,0
2022-03-01 09:00,76,53,23,0,0,0
2022-03-01 09:15,86,63,23,0,0,0
2022-03-01 09:30,73,39,34,0,0,0
2022-03-01 09:45,105,53,52,0,0,0
2022-03-01 10:00,85,54,31,0,0,0
2022-03-01 10:15,83,48,35,0,0,0
2022-03-01 10:30,91,51,40,0,0,0
2022-03-01 10:45,104,53,51,0,0,0
2022-03-01 11:00,99,55,44,0,0,0
2022-03-01 11:15,81,39,42,0,0,0
2022-03-01 11:30,90,46,44,0,0,0
2022-03-01 11:45,127,63,64,0,0,0
2022-03-01 12:00,120,50,70,0,0,0
2022-03-01 12:15,91,37,54,0,0,0
2022-03-01 12:30,125,61,64,0,0,0
2022-03-01 12:45,121,45,76,0,0,0
2022-03-01 13:00,157,62,95,0,0,0
2022-03-01 13:15,112,50,62,0,0,0
2022-03-01 13:30,109,51,58,0,0,0
2022-03-01 13:45,139,69,70,0,0,0
2022-03-01 14:00,104,35,69,0,0,0
2022-03-01 14:15,112,55,57,0,0,0
2022-03-01 14:30,129,53,76,0,0,0
2022-03-01 14:45,120,58,62,0,0,0
2022-03-01 15:00,135,58,77,0,0,0
2022-03-01 15:15,160,74,86,0,0,0
2022-03-01 15:30,147,53,94,0,0,0
2022-03-01 15:45,143,71,72,0,0,0
2022-03-01 16:00,146,59,87,0,0,0
2022-03-01 16:15,166,69,97,0,0,0
2022-03-01 16:30,172,56,116,0,0,0
2022-03-01 16:45,175,53,122,0,0,0
2022-03-01 17:00,155,52,103,0,0,0
2022-03-01 17:15,182,56,126,0,0,0
2022-03-01 17:30,145,56,89,0,0,0
2022-03-01 17:45,173,64,109,0,0,0
2022-03-01 18:00,169,58,111,0,0,0
2022-03-01 18:15,137,44,93,0,0,0
2022-03-01 18:30,115,36,79,0,0,0
2022-03-01 18:45,93,24,69,0,0,0
2022-03-01 19:00,90,31,59,0,0,0
2022-03-01 19:15,96,32,64,0,0,0
2022-03-01 19:30,74,35,39,0,0,0
2022-03-01 19:45,73,22,51,0,0,0
2022-03-01 20:00,63,22,41,0,0,0
2022-03-01 20:15,56,18,38,0,0,0
2022-03-01 20:30,49,15,34,0,0,0
2022-03-01 20:45,40,14,26,0,0,0
2022-03-01 21:00,33,4,29,0,0,0
2022-03-01 21:15,33,8,25,0,0,0
2022-03-01 21:30,31,13,18,0,0,0
2022-03-01 21:45,37,13,24,0,0,0
2022-03-01 22:00,43,5,38,0,0,0
2022-03-01 22:15,29,5,24,0,0,0
2022-03-01 22:30,32,6,26,0,0,0
2022-03-01 22:45,23,2,21,0,0,0
2022-03-01 23:00,17,3,14,0,0,0
2022-03-01 23:15,15,4,11,0,0,0
2022-03-01 23:30,18,5,13,0,0,0
2022-03-01 23:45,11,3,8,0,0,0
2022-03-02 00:00,6,5,1,0,0,0
2022-03-02 00:15,7,1,6,0,0,0
2022-03-02 00:30,6,3,3,0,0,0
2022-03-02 00:45,6,5,1,0,0,0
2022-03-02 01:00,3,3,0,0,0,0
2022-03-02 01:15,1,0,1,0,0,0
2022-03-02 01:30,2,2,0,0,0,0
2022-03-02 01:45,1,0,1,0,0,0
2022-03-02 02:00,1,1,0,0,0,0
2022-03-02 02:15,2,0,2,0,0,0
2022-03-02 02:30,2,0,2,0,0,0
2022-03-02 02:45,0,0,0,0,0,0
2022-03-02 03:00,1,0,1,0,0,0
2022-03-02 03:15,2,2,0,0,0,0
2022-03-02 03:30,2,0,2,0,0,0
2022-03-02 03:45,0,0,0,0,0,0
2022-03-02 04:00,3,2,1,0,0,0
2022-03-02 04:15,0,0,0,0,0,0
2022-03-02 04:30,1,1,0,0,0,0
2022-03-02 04:45,3,3,0,0,0,0
2022-03-02 05:00,2,2,0,0,0,0
2022-03-02 05:15,6,4,2,0,0,0
2022-03-02 05:30,18,12,6,0,0,0
2022-03-02 05:45,23,18,5,0,0,0
2022-03-02 06:00,21,15,6,0,0,0
2022-03-02 06:15,27,19,8,0,0,0
2022-03-02 06:30,52,33,19,0,0,0
2022-03-02 06:45,63,38,25,0,0,0
2022-03-02 07:00,90,54,36,0,0,0
2022-03-02 07:15,119,71,48,0,0,0
2022-03-02 07:30,167,102,65,0,0,0
2022-03-02 07:45,174,118,56,0,0,0
2022-03-02 08:00,135,79,56,0,0,0
2022-03-02 08:15,145,95,50,0,0,0
2022-03-02 08:30,95,61,34,0,0,0
2022-03-02 08:45,162,101,61,0,0,0
2022-03-02 09:00,83,48,35,0,0,0
2022-03-02 09:15,81,54,27,0,0,0
2022-03-02 09:30,87,53,34,0,0,0
2022-03-02 09:45,105,72,33,0,0,0
2022-03-02 10:00,102,61,41,0,0,0
2022-03-02 10:15,92,51,41,0,0,0
2022-03-02 10:30,91,45,46,0,0,0
2022-03-02 10:45,136,78,58,0,0,0
2022-03-02 11:00,105,49,56,0,0,0
2022-03-02 11:15,114,60,54,0,0,0
2022-03-02 11:30,140,67,73,0,0,0
2022-03-02 11:45,137,58,79,0,0,0
2022-03-02 12:00,155,57,98,0,0,0
2022-03-02 12:15,126,50,76,0,0,0
2022-03-02 12:30,169,78,91,0,0,0
2022-03-02 12:45,130,58,72,0,0,0
2022-03-02 13:00,124,49,75,0,0,0
2022-03-02 13:15,142,54,88,0,0,0
2022-03-02 13:30,117,44,73,0,0,0
2022-03-02 13:45,151,70,81,0,0,0
2022-03-02 14:00,134,56,78,0,0,0
2022-03-02 14:15,172,76,96,0,0,0
2022-03-02 14:30,143,50,93,0,0,0
2022-03-02 14:45,162,79,83,0,0,0
2022-03-02 15:00,156,59,97,0,0,0
2022-03-02 15:15,146,69,77,0,0,0
2022-03-02 15:30,144,67,77,0,0,0
2022-03-02 15:45,184,78,106,0,0,0
2022-03-02 16:00,183,83,100,0,0,0
2022-03-02 16:15,189,64,125,0,0,0
2022-03-02 16:30,177,66,111,0,0,0
2022-03-02 16:45,198,77,121,0,0,0
2022-03-02 17:00,209,80,129,0,0,0
2022-03-02 17:15,201,96,105,0,0,0
2022-03-02 17:30,153,59,94,0,0,0
2022-03-02 17:45,149,52,97,0,0,0
2022-03-02 18:00,146,53,93,0,0,0
2022-03-02 18:15,166,69,97,0,0,0
2022-03-02 18:30,127,53,74,0,0,0
2022-03-02 18:45,124,48,76,0,0,0
2022-03-02 19:00,121,45,76,0,0,0
2022-03-02 19:15,88,31,57,0,0,0
2022-03-02 19:30,73,31,42,0,0,0
2022-03-02 19:45,71,25,46,0,0,0
2022-03-02 20:00,79,29,50,0,0,0
2022-03-02 20:15,51,19,32,0,0,0
2022-03-02 20:30,41,12,29,0,0,0
2022-03-02 20:45,46,15,31,0,0,0
2022-03-02 21:00,38,9,29,0,0,0
2022-03-02 21:15,47,18,29,0,0,0
2022-03-02 21:30,37,16,21,0,0,0
2022-03-02 21:45,39,14,25,0,0,0
2022-03-02 22:00,49,8,41,0,0,0
2022-03-02 22:15,32,5,27,0,0,0
2022-03-02 22:30,28,6,22,0,0,0
2022-03-02 22:45,24,8,16,0,0,0
2022-03-02 23:00,27,5,22,0,0,0
2022-03-02 23:15,22,4,18,0,0,0
2022-03-02 23:30,23,6,17,0,0,0
2022-03-02 23:45,16,1,15,0,0,0
2022-03-03 00:00,6,1,5,0,0,0
2022-03-03 00:15,5,1,4,0,0,0
2022-03-03 00:30,10,5,5,0,0,0
2022-03-03 00:45,5,3,2,0,0,0
2022-03-03 01:00,7,1,6,0,0,0
2022-03-03 01:15,11,3,8,0,0,0
2022-03-03 01:30,4,2,2,0,0,0
2022-03-03 01:45,6,2,4,0,0,0
2022-03-03 02:00,1,1,0,0,0,0
2022-03-03 02:15,0,0,0,0,0,0
2022-03-03 02:30,1,0,1,0,0,0
2022-03-03 02:45,0,0,0,0,0,0
2022-03-03 03:00,1,0,1,0,0,0
2022-03-03 03:15,1,1,0,0,0,0
2022-03-03 03:30,4,1,3,0,0,0
2022-03-03 03:45,1,1,0,0,0,0
2022-03-03 04:00,1,1,0,0,0,0
2022-03-03 04:15,0,0,0,0,0,0
2022-03-03 04:30,2,1,1,0,0,0
2022-03-03 04:45,2,2,0,0,0,0
2022-03-03 05:00,2,1,1,0,0,0
2022-03-03 05:15,3,3,0,0,0,0
2022-03-03 05:30,24,18,6,0,0,0
2022-03-03 05:45,20,17,3,0,0,0
2022-03-03 06:00,20,14,6,0,0,0
2022-03-03 06:15,39,35,4,0,0,0
2022-03-03 06:30,52,32,20,0,0,0
2022-03-03 06:45,59,36,23,0,0,0
2022-03-03 07:00,84,51,33,0,0,0
2022-03-03 07:15,106,73,33,0,0,0
2022-03-03 07:30,186,122,64,0,0,0
2022-03-03 07:45,192,135,57,0,0,0
2022-03-03 08:00,147,88,59,0,0,0
2022-03-03 08:15,145,90,55,0,0,0
2022-03-03 08:30,123,87,36,0,0,0
2022-03-03 08:45,132,79,53,0,0,0
2022-03-03 09:00,87,53,34,0,0,0
2022-03-03 09:15,103,67,36,0,0,0
2022-03-03 09:30,108,72,36,0,0,0
2022-03-03 09:45,95,61,34,0,0,0
2022-03-03 10:00,84,46,38,0,0,0
2022-03-03 10:15,79,41,38,0,0,0
2022-03-03 10:30,81,45,36,0,0,0
2022-03-03 10:45,110,55,55,0,0,0
2022-03-03 11:00,94,47,47,0,0,0
2022-03-03 11:15,93,46,47,0,0,0
2022-03-03 11:30,94,41,53,0,0,0
2022-03-03 11:45,105,69,36,0,0,0
2022-03-03 12:00,125,46,79,0,0,0
2022-03-03 12:15,106,43,63,0,0,0
2022-03-03 12:30,136,47,89,0,0,0
2022-03-03 12:45,106,44,62,0,0,0
2022-03-03 13:00,124,55,69,0,0,0
2022-03-03 13:15,122,65,57,0,0,0
2022-03-03 13:30,113,54,59,0,0,0
2022-03-03 13:45,155,82,73,0,0,0
2022-03-03 14:00,151,68,83,0,0,0
2022-03-03 14:15,151,73,78,0,0,0
2022-03-03 14:30,154,82,72,0,0,0
2022-03-03 14:45,157,73,84,0,0,0
2022-03-03 15:00,169,61,108,0,0,0
2022-03-03 15:15,183,82,101,0,0,0
2022-03-03 15:30,185,80,105,0,0,0
2022-03-03 15:45,184,88,96,0,0,0
2022-03-03 16:00,192,75,117,0,0,0
2022-03-03 16:15,207,92,115,0,0,0
2022-03-03 16:30,190,78,112,0,0,0
2022-03-03 16:45,182,79,103,0,0,0
2022-03-03 17:00,231,87,144,0,0,0
2022-03-03 17:15,179,57,122,0,0,0
2022-03-03 17:30,177,58,119,0,0,0
2022-03-03 17:45,175,54,121,0,0,0
2022-03-03 18:00,152,52,100,0,0,0
2022-03-03 18:15,174,60,114,0,0,0
2022-03-03 18:30,138,48,90,0,0,0
2022-03-03 18:45,112,40,72,0,0,0
2022-03-03 19:00,100,32,68,0,0,0
2022-03-03 19:15,89,24,65,0,0,0
2022-03-03 19:30,86,38,48,0,0,0
2022-03-03 19:45,78,28,50,0,0,0
2022-03-03 20:00,77,24,53,0,0,0
2022-03-03 20:15,68,28,40,0,0,0
2022-03-03 20:30,56,24,32,0,0,0
2022-03-03 20:45,45,15,30,0,0,0
2022-03-03 21:00,40,6,34,0,0,0
2022-03-03 21:15,43,16,27,0,0,0
2022-03-03 21:30,38,14,24,0,0,0
2022-03-03 21:45,30,6,24,0,0,0
2022-03-03 22:00,56,13,43,0,0,0
2022-03-03 22:15,35,10,25,0,0,0
2022-03-03 22:30,39,17,22,0,0,0
2022-03-03 22:45,34,13,21,0,0,0
2022-03-03 23:00,29,10,19,0,0,0
2022-03-03 23:15,32,13,19,0,0,0
2022-03-03 23:30,10,4,6,0,0,0
2022-03-03 23:45,8,4,4,0,0,0
2022-03-04 00:00,16,4,12,0,0,0
2022-03-04 00:15,5,2,3,0,0,0
2022-03-04 00:30,8,2,6,0,0,0
2022-03-04 00:45,8,3,5,0,0,0
2022-03-04 01:00,2,2,0,0,0,0
2022-03-04 01:15,0,0,0,0,0,0
2022-03-04 01:30,2,1,1,0,0,0
2022-03-04 01:45,7,5,2,0,0,0
2022-03-04 02:00,0,0,0,0,0,0
2022-03-04 02:15,0,0,0,0,0,0
2022-03-04 02:30,0,0,0,0,0,0
2022-03-04 02:45,2,1,1,0,0,0
2022-03-04 03:00,0,0,0,0,0,0
2022-03-04 03:15,2,0,2,0,0,0
2022-03-04 03:30,2,0,2,0,0,0
2022-03-04 03:45,2,0,2,0,0,0
2022-03-04 04:00,4,3,1,0,0,0
2022-03-04 04:15,2,1,1,0,0,0
2022-03-04 04:30,1,1,0,0,0,0
2022-03-04 04:45,2,2,0,0,0,0
2022-03-04 05:00,1,1,0,0,0,0
2022-03-04 05:15,7,3,4,0,0,0
2022-03-04 05:30,26,19,7,0,0,0
2022-03-04 05:45,19,19,0,0,0,0
2022-03-04 06:00,20,16,4,0,0,0
2022-03-04 06:15,25,17,8,0,0,0
2022-03-04 06:30,40,30,10,0,0,0
2022-03-04 06:45,63,32,31,0,0,0
2022-03-04 07:00,82,49,33,0,0,0
2022-03-04 07:15,110,62,48,0,0,0
2022-03-04 07:30,178,123,55,0,0,0
2022-03-04 07:45,145,104,41,0,0,0
2022-03-04 08:00,101,74,27,0,0,0
2022-03-04 08:15,114,72,42,0,0,0
2022-03-04 08:30,100,70,30,0,0,0
2022-03-04 08:45,119,85,34,0,0,0
2022-03-04 09:00,89,69,20,0,0,0
2022-03-04 09:15,93,66,27,0,0,0
2022-03-04 09:30,87,61,26,0,0,0
2022-03-04 09:45,93,56,37,0,0,0
2022-03-04 10:00,91,56,35,0,0,0
2022-03-04 10:15,72,45,27,0,0,0
2022-03-04 10:30,97,51,46,0,0,0
2022-03-04 10:45,113,65,48,0,0,0
2022-03-04 11:00,103,43,60,0,0,0
2022-03-04 11:15,116,56,60,0,0,0
2022-03-04 11:30,116,59,57,0,0,0
2022-03-04 11:45,119,73,46,0,0,0
2022-03-04 12:00,121,57,64,0,0,0
2022-03-04 12:15,102,43,59,0,0,0
2022-03-04 12:30,142,69,73,0,0,0
2022-03-04 12:45,158,70,88,0,0,0
2022-03-04 13:00,139,51,88,0,0,0
2022-03-04 13:15,145,76,69,0,0,0
2022-03-04 13:30,165,70,95,0,0,0
2022-03-04 13:45,183,92,91,0,0,0
2022-03-04 14:00,187,67,120,0,0,0
2022-03-04 14:15,158,53,105,0,0,0
2022-03-04 14:30,185,67,118,0,0,0
2022-03-04 14:45,174,80,94,0,0,0
2022-03-04 15:00,160,70,90,0,0,0
2022-03-04 15:15,163,72,91,0,0,0
2022-03-04 15:30,149,59,90,0,0,0
2022-03-04 15:45,168,73,95,0,0,0
2022-03-04 16:00,159,69,90,0,0,0
2022-03-04 16:15,181,68,113,0,0,0
2022-03-04 16:30,154,70,84,0,0,0
2022-03-04 16:45,161,73,88,0,0,0
2022-03-04 17:00,160,60,100,0,0,0
2022-03-04 17:15,143,60,83,0,0,0
2022-03-04 17:30,130,59,71,0,0,0
2022-03-04 17:45,154,68,86,0,0,0
2022-03-04 18:00,134,51,83,0,0,0
2022-03-04 18:15,145,62,83,0,0,0
2022-03-04 18:30,121,42,79,0,0,0
2022-03-04 18:45,159,76,83,0,0,0
2022-03-04 19:00,101,42,59,0,0,0
2022-03-04 19:15,88,41,47,0,0,0
2022-03-04 19:30,100,37,63,0,0,0
2022-03-04 19:45,97,51,46,0,0,0
2022-03-04 20:00,80,35,45,0,0,0
2022-03-04 20:15,79,46,33,0,0,0
2022-03-04 20:30,66,23,43,0,0,0
2022-03-04 20:45,37,12,25,0,0,0
2022-03-04 21:00,40,13,27,0,0,0
2022-03-04 21:15,33,9,24,0,0,0
2022-03-04 21:30,54,19,35,0,0,0
2022-03-04 21:45,29,5,24,0,0,0
2022-03-04 22:00,42,10,32,0,0,0
2022-03-04 22:15,47,14,33,0,0,0
2022-03-04 22:30,55,15,40,0,0,0
2022-03-04 22:45,43,18,25,0,0,0
2022-03-04 23:00,40,17,23,0,0,0
2022-03-04 23:15,38,11,27,0,0,0
2022-03-04 23:30,25,6,19,0,0,0
2022-03-04 23:45,41,11,30,0,0,0
2022-03-05 00:00,39,20,19,0,0,0
2022-03-05 00:15,16,8,8,0,0,0
2022-03-05 00:30,22,5,17,0,0,0
2022-03-05 00:45,30,5,25,0,0,0
2022-03-05 01:00,17,6,11,0,0,0
2022-03-05 01:15,27,10,17,0,0,0
2022-03-05 01:30,15,8,7,0,0,0
2022-03-05 01:45,8,2,6,0,0,0
2022-03-05 02:00,24,9,15,0,0,0
2022-03-05 02:15,7,0,7,0,0,0
2022-03-05 02:30,11,2,9,0,0,0
2022-03-05 02:45,13,3,10,0,0,0
2022-03-05 03:00,10,2,8,0,0,0
2022-03-05 03:15,9,4,5,0,0,0
2022-03-05 03:30,12,0,12,0,0,0
2022-03-05 03:45,4,0,4,0,0,0
2022-03-05 04:00,4,4,0,0,0,0
2022-03-05 04:15,5,0,5,0,0,0
2022-03-05 04:30,5,1,4,0,0,0
2022-03-05 04:45,4,3,1,0,0,0
2022-03-05 05:00,3,0,3,0,0,0
2022-03-05 05:15,3,1,2,0,0,0
2022-03-05 05:30,12,9,3,0,0,0
2022-03-05 05:45,9,4,5,0,0,0
2022-03-05 06:00,7,2,5,0,0,0
2022-03-05 06:15,10,4,6,0,0,0
2022-03-05 06:30,6,3,3,0,0,0
2022-03-05 06:45,8,7,1,0,0,0
2022-03-05 07:00,16,10,6,0,0,0
2022-03-05 07:15,16,7,9,0,0,0
2022-03-05 07:30,13,10,3,0,0,0
2022-03-05 07:45,37,28,9,0,0,0
2022-03-05 08:00,29,24,5,0,0,0
2022-03-05 08:15,30,19,11,0,0,0
2022-03-05 08:30,36,24,12,0,0,0
2022-03-05 08:45,44,33,11,0,0,0
2022-03-05 09:00,59,40,19,0,0,0
2022-03-05 09:15,77,49,28,0,0,0
2022-03-05 09:30,84,58,26,0,0,0
2022-03-05 09:45,129,102,27,0,0,0
2022-03-05 10:00,116,85,31,0,0,0
2022-03-05 10:15,93,53,40,0,0,0
2022-03-05 10:30,106,65,41,0,0,0
2022-03-05 10:45,143,85,58,0,0,0
2022-03-05 11:00,146,77,69,0,0,0
2022-03-05 11:15,121,60,61,0,0,0
2022-03-05 11:30,140,81,59,0,0,0
2022-03-05 11:45,153,97,56,0,0,0
2022-03-05 12:00,137,78,59,0,0,0
2022-03-05 12:15,146,71,75,0,0,0
2022-03-05 12:30,159,73,86,0,0,0
2022-03-05 12:45,146,76,70,0,0,0
2022-03-05 13:00,185,84,101,0,0,0
2022-03-05 13:15,146,73,73,0,0,0
2022-03-05 13:30,152,93,59,0,0,0
2022-03-05 13:45,165,81,84,0,0,0
2022-03-05 14:00,183,91,92,0,0,0
2022-03-05 14:15,170,84,86,0,0,0
2022-03-05 14:30,166,66,100,0,0,0
2022-03-05 14:45,143,55,88,0,0,0
2022-03-05 15:00,153,53,100,0,0,0
2022-03-05 15:15,140,46,94,0,0,0
2022-03-05 15:30,118,51,67,0,0,0
2022-03-05 15:45,143,56,87,0,0,0
2022-03-05 16:00,135,47,88,0,0,0
2022-03-05 16:15,121,36,85,0,0,0
2022-03-05 16:30,105,33,72,0,0,0
2022-03-05 16:45,102,40,62,0,0,0
2022-03-05 17:00,126,37,89,0,0,0
2022-03-05 17:15,126,37,89,0,0,0
2022-03-05 17:30,101,36,65,0,0,0
2022-03-05 17:45,115,47,68,0,0,0
2022-03-05 18:00,98,26,72,0,0,0
2022-03-05 18:15,120,34,86,0,0,0
2022-03-05 18:30,99,27,72,0,0,0
2022-03-05 18:45,98,41,57,0,0,0
2022-03-05 19:00,106,36,70,0,0,0
2022-03-05 19:15,83,44,39,0,0,0
2022-03-05 19:30,62,22,40,0,0,0
2022-03-05 19:45,80,35,45,0,0,0
2022-03-05 20:00,76,38,38,0,0,0
2022-03-05 20:15,56,25,31,0,0,0
2022-03-05 20:30,47,15,32,0,0,0
2022-03-05 20:45,29,13,16,0,0,0
2022-03-05 21:00,39,16,23,0,0,0
2022-03-05 21:15,33,11,22,0,0,0
2022-03-05 21:30,27,13,14,0,0,0
2022-03-05 21:45,52,39,13,0,0,0
2022-03-05 22:00,59,38,21,0,0,0
2022-03-05 22:15,54,17,37,0,0,0
2022-03-05 22:30,29,13,16,0,0,0
2022-03-05 22:45,35,12,23,0,0,0
2022-03-05 23:00,30,11,19,0,0,0
2022-03-05 23:15,23,1,22,0,0,0
2022-03-05 23:30,43,21,22,0,0,0
2022-03-05 23:45,41,21,20,0,0,0
2022-03-06 00:00,32,16,16,0,0,0
2022-03-06 00:15,38,20,18,0,0,0
2022-03-06 00:30,30,17,13,0,0,0
2022-03-06 00:45,12,5,7,0,0,0
2022-03-06 01:00,12,5,7,0,0,0
2022-03-06 01:15,17,9,8,0,0,0
2022-03-06 01:30,19,11,8,0,0,0
2022-03-06 01:45,19,9,10,0,0,0
2022-03-06 02:00,25,5,20,0,0,0
2022-03-06 02:15,19,12,7,0,0,0
2022-03-06 02:30,6,3,3,0,0,0
2022-03-06 02:45,12,3,9,0,0,0
2022-03-06 03:00,5,1,4,0,0,0
2022-03-06 03:15,0,0,0,0,0,0
2022-03-06 03:30,2,0,2,0,0,0
2022-03-06 03:45,6,3,3,0,0,0
2022-03-06 04:00,6,1,5,0,0,0
2022-03-06 04:15,7,2,5,0,0,0
2022-03-06 04:30,7,4,3,0,0,0
2022-03-06 04:45,3,0,3,0,0,0
2022-03-06 05:00,5,1,4,0,0,0
2022-03-06 05:15,7,2,5,0,0,0
2022-03-06 05:30,11,6,5,0,0,0
2022-03-06 05:45,7,4,3,0,0,0
2022-03-06 06:00,4,4,0,0,0,0
2022-03-06 06:15,6,3,3,0,0,0
2022-03-06 06:30,2,1,1,0,0,0
2022-03-06 06:45,4,1,3,0,0,0
2022-03-06 07:00,3,3,0,0,0,0
2022-03-06 07:15,3,1,2,0,0,0
2022-03-06 07:30,6,3,3,0,0,0
2022-03-06 07:45,4,1,3,0,0,0
2022-03-06 08:00,5,5,0,0,0,0
2022-03-06 08:15,3,1,2,0,0,0
2022-03-06 08:30,16,9,7,0,0,0
2022-03-06 08:45,26,19,7,0,0,0
2022-03-06 09:00,18,8,10,0,0,0
2022-03-06 09:15,28,21,7,0,0,0
2022-03-06 09:30,36,18,18,0,0,0
2022-03-06 09:45,36,22,14,0,0,0
2022-03-06 10:00,26,15,11,0,0,0
2022-03-06 10:15,42,29,13,0,0,0
2022-03-06 10:30,44,20,24,0,0,0
2022-03-06 10:45,39,26,13,0,0,0
2022-03-06 11:00,35,17,18,0,0,0
2022-03-06 11:15,45,20,25,0,0,0
2022-03-06 11:30,34,17,17,0,0,0
2022-03-06 11:45,40,25,15,0,0,0
2022-03-06 12:00,69,33,36,0,0,0
2022-03-06 12:15,50,34,16,0,0,0
2022-03-06 12:30,63,31,32,0,0,0
2022-03-06 12:45,70,25,45,0,0,0
2022-03-06 13:00,73,37,36,0,0,0
2022-03-06 13:15,85,41,44,0,0,0
2022-03-06 13:30,61,31,30,0,0,0
2022-03-06 13:45,108,50,58,0,0,0
2022-03-06 14:00,70,32,38,0,0,0
2022-03-06 14:15,58,28,30,0,0,0
2022-03-06 14:30,81,46,35,0,0,0
2022-03-06 14:45,97,44,53,0,0,0
2022-03-06 15:00,67,39,28,0,0,0
2022-03-06 15:15,79,31,48,0,0,0
2022-03-06 15:30,69,26,43,0,0,0
2022-03-06 15:45,71,26,45,0,0,0
2022-03-06 16:00,70,32,38,0,0,0
2022-03-06 16:15,46,17,29,0,0,0
2022-03-06 16:30,60,21,39,0,0,0
2022-03-06 16:45,69,32,37,0,0,0
2022-03-06 17:00,72,37,35,0,0,0
2022-03-06 17:15,53,24,29,0,0,0
2022-03-06 17:30,56,19,37,0,0,0
2022-03-06 17:45,76,39,37,0,0,0
2022-03-06 18:00,49,20,29,0,0,0
2022-03-06 18:15,62,27,35,0,0,0
2022-03-06 18:30,46,19,27,0,0,0
2022-03-06 18:45,57,30,27,0,0,0
2022-03-06 19:00,39,15,24,0,0,0
2022-03-06 19:15,42,14,28,0,0,0
2022-03-06 19:30,27,12,15,0,0,0
2022-03-06 19:45,26,8,18,0,0,0
2022-03-06 20:00,41,12,29,0,0,0
2022-03-06 20:15,37,13,24,0,0,0
2022-03-06 20:30,33,11,22,0,0,0
2022-03-06 20:45,30,13,17,0,0,0
2022-03-06 21:00,26,12,14,0,0,0
2022-03-06 21:15,20,7,13,0,0,0
2022-03-06 21:30,23,6,17,0,0,0
2022-03-06 21:45,13,3,10,0,0,0
2022-03-06 22:00,19,4,15,0,0,0
2022-03-06 22:15,18,5,13,0,0,0
2022-03-06 22:30,11,4,7,0,0,0
2022-03-06 22:45,6,4,2,0,0,0
2022-03-06 23:00,8,1,7,0,0,0
2022-03-06 23:15,17,7,10,0,0,0
2022-03-06 23:30,5,1,4,0,0,0
2022-03-06 23:45,4,2,2,0,0,0
2022-03-07 00:00,2,0,2,0,0,0
2022-03-07 00:15,6,4,2,0,0,0
2022-03-07 00:30,0,0,0,0,0,0
2022-03-07 00:45,0,0,0,0,0,0
2022-03-07 01:00,3,2,1,0,0,0
2022-03-07 01:15,0,0,0,0,0,0
2022-03-07 01:30,0,0,0,0,0,0
2022-03-07 01:45,0,0,0,0,0,0
2022-03-07 02:00,0,0,0,0,0,0
2022-03-07 02:15,0,0,0,0,0,0
2022-03-07 02:30,2,2,0,0,0,0
2022-03-07 02:45,2,0,2,0,0,0
2022-03-07 03:00,1,0,1,0,0,0
2022-03-07 03:15,1,0,1,0,0,0
2022-03-07 03:30,0,0,0,0,0,0
2022-03-07 03:45,1,1,0,0,0,0
2022-03-07 04:00,0,0,0,0,0,0
2022-03-07 04:15,2,2,0,0,0,0
2022-03-07 04:30,3,2,1,0,0,0
2022-03-07 04:45,3,3,0,0,0,0
2022-03-07 05:00,2,2,0,0,0,0
2022-03-07 05:15,10,9,1,0,0,0
2022-03-07 05:30,19,14,5,0,0,0
2022-03-07 05:45,17,12,5,0,0,0
2022-03-07 06:00,24,20,4,0,0,0
2022-03-07 06:15,26,23,3,0,0,0
2022-03-07 06:30,37,20,17,0,0,0
2022-03-07 06:45,65,41,24,0,0,0
2022-03-07 07:00,90,51,39,0,0,0
2022-03-07 07:15,103,67,36,0,0,0
2022-03-07 07:30,192,115,77,0,0,0
2022-03-07 07:45,158,109,49,0,0,0
2022-03-07 08:00,143,89,54,0,0,0
2022-03-07 08:15,131,77,54,0,0,0
2022-03-07 08:30,116,79,37,0,0,0
2022-03-07 08:45,123,84,39,0,0,0
2022-03-07 09:00,83,64,19,0,0,0
2022-03-07 09:15,73,54,19,0,0,0
2022-03-07 09:30,81,51,30,0,0,0
2022-03-07 09:45,96,63,33,0,0,0
2022-03-07 10:00,83,56,27,0,0,0
2022-03-07 10:15,89,53,36,0,0,0
2022-03-07 10:30,100,45,55,0,0,0
2022-03-07 10:45,92,55,37,0,0,0
2022-03-07 11:00,96,44,52,0,0,0
2022-03-07 11:15,94,52,42,0,0,0
2022-03-07 11:30,117,47,70,0,0,0
2022-03-07 11:45,120,59,61,0,0,0
2022-03-07 12:00,107,49,58,0,0,0
2022-03-07 12:15,119,66,53,0,0,0
2022-03-07 12:30,146,60,86,0,0,0
2022-03-07 12:45,129,59,70,0,0,0
2022-03-07 13:00,134,57,77,0,0,0
2022-03-07 13:15,109,44,65,0,0,0
2022-03-07 13:30,115,45,70,0,0,0
2022-03-07 13:45,132,64,68,0,0,0
2022-03-07 14:00,128,54,74,0,0,0
2022-03-07 14:15,122,46,76,0,0,0
2022-03-07 14:30,123,58,65,0,0,0
2022-03-07 14:45,159,74,85,0,0,0
2022-03-07 15:00,131,56,75,0,0,0
2022-03-07 15:15,136,61,75,0,0,0
2022-03-07 15:30,153,63,90,0,0,0
2022-03-07 15:45,184,85,99,0,0,0
2022-03-07 16:00,193,75,118,0,0,0
2022-03-07 16:15,178,65,113,0,0,0
2022-03-07 16:30,166,58,108,0,0,0
2022-03-07 16:45,184,81,103,0,0,0
2022-03-07 17:00,167,64,103,0,0,0
2022-03-07 17:15,178,65,113,0,0,0
2022-03-07 17:30,193,73,120,0,0,0
2022-03-07 17:45,184,72,112,0,0,0
2022-03-07 18:00,179,61,118,0,0,0
2022-03-07 18:15,156,49,107,0,0,0
2022-03-07 18:30,126,37,89,0,0,0
2022-03-07 18:45,133,39,94,0,0,0
2022-03-07 19:00,89,30,59,0,0,0
2022-03-07 19:15,106,29,77,0,0,0
2022-03-07 19:30,76,25,51,0,0,0
2022-03-07 19:45,67,13,54,0,0,0
2022-03-07 20:00,79,27,52,0,0,0
2022-03-07 20:15,67,23,44,0,0,0
2022-03-07 20:30,40,8,32,0,0,0
2022-03-07 20:45,41,13,28,0,0,0
2022-03-07 21:00,27,15,12,0,0,0
2022-03-07 21:15,49,24,25,0,0,0
2022-03-07 21:30,33,15,18,0,0,0
2022-03-07 21:45,37,11,26,0,0,0
2022-03-07 22:00,29,6,23,0,0,0
2022-03-07 22:15,25,5,20,0,0,0
2022-03-07 22:30,19,5,14,0,0,0
2022-03-07 22:45,23,10,13,0,0,0
2022-03-07 23:00,12,2,10,0,0,0
2022-03-07 23:15,16,9,7,0,0,0
2022-03-07 23:30,5,1,4,0,0,0
2022-03-07 23:45,7,3,4,0,0,0
2022-03-08 00:00,11,4,7,0,0,0
2022-03-08 00:15,3,0,3,0,0,0
2022-03-08 00:30,5,1,4,0,0,0
2022-03-08 00:45,2,0,2,0,0,0
2022-03-08 01:00,2,0,2,0,0,0
2022-03-08 01:15,3,1,2,0,0,0
2022-03-08 01:30,4,1,3,0,0,0
2022-03-08 01:45,1,0,1,0,0,0
2022-03-08 02:00,2,0,2,0,0,0
2022-03-08 02:15,0,0,0,0,0,0
2022-03-08 02:30,1,0,1,0,0,0
2022-03-08 02:45,2,1,1,0,0,0
2022-03-08 03:00,1,1,0,0,0,0
2022-03-08 03:15,3,0,3,0,0,0
2022-03-08 03:30,1,0,1,0,0,0
2022-03-08 03:45,0,0,0,0,0,0
2022-03-08 04:00,3,1,2,0,0,0
2022-03-08 04:15,1,1,0,0,0,0
2022-03-08 04:30,4,2,2,0,0,0
2022-03-08 04:45,4,4,0,0,0,0
2022-03-08 05:00,3,3,0,0,0,0
2022-03-08 05:15,12,9,3,0,0,0
2022-03-08 05:30,23,15,8,0,0,0
2022-03-08 05:45,31,23,8,0,0,0
2022-03-08 06:00,14,7,7,0,0,0
2022-03-08 06:15,28,24,4,0,0,0
2022-03-08 06:30,43,29,14,0,0,0
2022-03-08 06:45,83,42,41,0,0,0
2022-03-08 07:00,72,43,29,0,0,0
2022-03-08 07:15,122,65,57,0,0,0
2022-03-08 07:30,214,128,86,0,0,0
2022-03-08 07:45,171,112,59,0,0,0
2022-03-08 08:00,144,89,55,0,0,0
2022-03-08 08:15,148,90,58,0,0,0
2022-03-08 08:30,136,96,40,0,0,0
2022-03-08 08:45,126,89,37,0,0,0
2022-03-08 09:00,81,43,38,0,0,0
2022-03-08 09:15,89,50,39,0,0,0
2022-03-08 09:30,104,71,33,0,0,0
2022-03-08 09:45,118,74,44,0,0,0
2022-03-08 10:00,105,72,33,0,0,0
2022-03-08 10:15,78,37,41,0,0,0
2022-03-08 10:30,81,40,41,0,0,0
2022-03-08 10:45,97,55,42,0,0,0
2022-03-08 11:00,111,61,50,0,0,0
2022-03-08 11:15,85,45,40,0,0,0
2022-03-08 11:30,95,52,43,0,0,0
2022-03-08 11:45,102,53,49,0,0,0
2022-03-08 12:00,109,46,63,0,0,0
2022-03-08 12:15,124,49,75,0,0,0
2022-03-08 12:30,115,50,65,0,0,0
2022-03-08 12:45,116,54,62,0,0,0
2022-03-08 13:00,130,47,83,0,0,0
2022-03-08 13:15,156,72,84,0,0,0
2022-03-08 13:30,128,56,72,0,0,0
2022-03-08 13:45,182,77,105,0,0,0
2022-03-08 14:00,140,49,91,0,0,0
2022-03-08 14:15,146,61,85,0,0,0
2022-03-08 14:30,137,51,86,0,0,0
2022-03-08 14:45,180,86,94,0,0,0
2022-03-08 15:00,172,70,102,0,0,0
2022-03-08 15:15,143,58,85,0,0,0
2022-03-08 15:30,151,73,78,0,0,0
2022-03-08 15:45,228,127,101,0,0,0
2022-03-08 16:00,207,92,115,0,0,0
2022-03-08 16:15,178,84,94,0,0,0
2022-03-08 16:30,199,68,131,0,0,0
2022-03-08 16:45,195,78,117,0,0,0
2022-03-08 17:00,191,61,130,0,0,0
2022-03-08 17:15,213,73,140,0,0,0
2022-03-08 17:30,171,66,105,0,0,0
2022-03-08 17:45,171,68,103,0,0,0
2022-03-08 18:00,153,56,97,0,0,0
2022-03-08 18:15,190,62,128,0,0,0
2022-03-08 18:30,114,35,79,0,0,0
2022-03-08 18:45,132,53,79,0,0,0
2022-03-08 19:00,140,40,100,0,0,0
2022-03-08 19:15,94,38,56,0,0,0
2022-03-08 19:30,83,25,58,0,0,0
2022-03-08 19:45,88,34,54,0,0,0
2022-03-08 20:00,74,23,51,0,0,0
2022-03-08 20:15,57,27,30,0,0,0
2022-03-08 20:30,55,24,31,0,0,0
2022-03-08 20:45,56,15,41,0,0,0
2022-03-08 21:00,44,17,27,0,0,0
2022-03-08 21:15,46,18,28,0,0,0
2022-03-08 21:30,32,7,25,0,0,0
2022-03-08 21:45,39,13,26,0,0,0
2022-03-08 22:00,61,22,39,0,0,0
2022-03-08 22:15,51,13,38,0,0,0
2022-03-08 22:30,27,4,23,0,0,0
2022-03-08 22:45,24,8,16,0,0,0
2022-03-08 23:00,22,9,13,0,0,0
2022-03-08 23:15,18,4,14,0,0,0
2022-03-08 23:30,16,0,16,0,0,0
2022-03-08 23:45,14,6,8,0,0,0
2022-03-09 00:00,9,4,5,0,0,0
2022-03-09 00:15,7,1,6,0,0,0
2022-03-09 00:30,4,2,2,0,0,0
2022-03-09 00:45,4,1,3,0,0,0
2022-03-09 01:00,5,0,5,0,0,0
2022-03-09 01:15,4,3,1,0,0,0
2022-03-09 01:30,1,0,1,0,0,0
2022-03-09 01:45,2,0,2,0,0,0
2022-03-09 02:00,0,0,0,0,0,0
2022-03-09 02:15,1,0,1,0,0,0
2022-03-09 02:30,0,0,0,0,0,0
2022-03-09 02:45,2,0,2,0,0,0
2022-03-09 03:00,5,1,4,0,0,0
2022-03-09 03:15,0,0,0,0,0,0
2022-03-09 03:30,0,0,0,0,0,0
2022-03-09 03:45,1,1,0,0,0,0
2022-03-09 04:00,1,1,0,0,0,0
2022-03-09 04:15,1,0,1,0,0,0
2022-03-09 04:30,3,3,0,0,0,0
2022-03-09 04:45,4,4,0,0,0,0
2022-03-09 05:00,5,5,0,0,0,0
2022-03-09 05:15,11,7,4,0,0,0
2022-03-09 05:30,25,17,8,0,0,0
2022-03-09 05:45,27,21,6,0,0,0
2022-03-09 06:00,20,14,6,0,0,0
2022-03-09 06:15,38,30,8,0,0,0
2022-03-09 06:30,45,32,13,0,0,0
2022-03-09 06:45,68,44,24,0,0,0
2022-03-09 07:00,92,63,29,0,0,0
2022-03-09 07:15,124,64,60,0,0,0
2022-03-09 07:30,194,122,72,0,0,0
2022-03-09 07:45,187,108,79,0,0,0
2022-03-09 08:00,135,89,46,0,0,0
2022-03-09 08:15,151,98,53,0,0,0
2022-03-09 08:30,133,87,46,0,0,0
2022-03-09 08:45,132,90,42,0,0,0
2022-03-09 09:00,97,60,37,0,0,0
2022-03-09 09:15,100,69,31,0,0,0
2022-03-09 09:30,118,77,41,0,0,0
2022-03-09 09:45,127,90,37,0,0,0
2022-03-09 10:00,91,57,34,0,0,0
2022-03-09 10:15,122,70,52,0,0,0
2022-03-09 10:30,103,67,36,0,0,0
2022-03-09 10:45,123,65,58,0,0,0
2022-03-09 11:00,113,61,52,0,0,0
2022-03-09 11:15,140,68,72,0,0,0
2022-03-09 11:30,130,71,59,0,0,0
2022-03-09 11:45,149,76,73,0,0,0
2022-03-09 12:00,159,79,80,0,0,0
2022-03-09 12:15,146,68,78,0,0,0
2022-03-09 12:30,156,67,89,0,0,0
2022-03-09 12:45,166,76,90,0,0,0
2022-03-09 13:00,141,41,100,0,0,0
2022-03-09 13:15,156,57,99,0,0,0
2022-03-09 13:30,151,62,89,0,0,0
2022-03-09 13:45,167,57,110,0,0,0
2022-03-09 14:00,150,59,91,0,0,0
2022-03-09 14:15,126,56,70,0,0,0
2022-03-09 14:30,157,62,95,0,0,0
2022-03-09 14:45,189,82,107,0,0,0
2022-03-09 15:00,153,58,95,0,0,0
2022-03-09 15:15,162,82,80,0,0,0
2022-03-09 15:30,159,74,85,0,0,0
2022-03-09 15:45,165,84,81,0,0,0
2022-03-09 16:00,178,72,106,0,0,0
2022-03-09 16:15,160,62,98,0,0,0
2022-03-09 16:30,181,67,114,0,0,0
2022-03-09 16:45,193,84,109,0,0,0
2022-03-09 17:00,178,68,110,0,0,0
2022-03-09 17:15,193,67,126,0,0,0
2022-03-09 17:30,196,85,111,0,0,0
2022-03-09 17:45,165,64,101,0,0,0
2022-03-09 18:00,151,46,105,0,0,0
2022-03-09 18:15,161,56,105,0,0,0
2022-03-09 18:30,147,42,105,0,0,0
2022-03-09 18:45,133,41,92,0,0,0
2022-03-09 19:00,138,50,88,0,0,0
2022-03-09 19:15,115,38,77,0,0,0
2022-03-09 19:30,69,30,39,0,0,0
2022-03-09 19:45,81,38,43,0,0,0
2022-03-09 20:00,61,21,40,0,0,0
2022-03-09 20:15,78,34,44,0,0,0
2022-03-09 20:30,49,12,37,0,0,0
2022-03-09 20:45,40,11,29,0,0,0
2022-03-09 21:00,43,10,33,0,0,0
2022-03-09 21:15,39,13,26,0,0,0
2022-03-09 21:30,30,5,25,0,0,0
2022-03-09 21:45,26,9,17,0,0,0
2022-03-09 22:00,46,16,30,0,0,0
2022-03-09 22:15,25,4,21,0,0,0
2022-03-09 22:30,34,12,22,0,0,0
2022-03-09 22:45,27,11,16,0,0,0
2022-03-09 23:00,24,6,18,0,0,0
2022-03-09 23:15,19,5,14,0,0,0
2022-03-09 23:30,8,3,5,0,0,0
2022-03-09 23:45,9,0,9,0,0,0
2022-03-10 00:00,16,5,11,0,0,0
2022-03-10 00:15,9,5,4,0,0,0
2022-03-10 00:30,4,0,4,0,0,0
2022-03-10 00:45,5,2,3,0,0,0
2022-03-10 01:00,4,3,1,0,0,0
2022-03-10 01:15,1,0,1,0,0,0
2022-03-10 01:30,2,1,1,0,0,0
2022-03-10 01:45,3,2,1,0,0,0
2022-03-10 02:00,4,3,1,0,0,0
2022-03-10 02:15,3,0,3,0,0,0
2022-03-10 02:30,3,0,3,0,0,0
2022-03-10 02:45,1,1,0,0,0,0
2022-03-10 03:00,0,0,0,0,0,0
2022-03-10 03:15,1,0,1,0,0,0
2022-03-10 03:30,5,3,2,0,0,0
2022-03-10 03:45,2,0,2,0,0,0
2022-03-10 04:00,1,1,0,0,0,0
2022-03-10 04:15,3,3,0,0,0,0
2022-03-10 04:30,3,0,3,0,0,0
2022-03-10 04:45,6,4,2,0,0,0
2022-03-10 05:00,4,4,0,0,0,0
2022-03-10 05:15,9,8,1,0,0,0
2022-03-10 05:30,21,15,6,0,0,0
2022-03-10 05:45,22,18,4,0,0,0
2022-03-10 06:00,23,17,6,0,0,0
2022-03-10 06:15,40,33,7,0,0,0
2022-03-10 06:30,45,27,18,0,0,0
2022-03-10 06:45,66,44,22,0,0,0
2022-03-10 07:00,71,43,28,0,0,0
2022-03-10 07:15,131,79,52,0,0,0
2022-03-10 07:30,189,112,77,0,0,0
2022-03-10 07:45,168,107,61,0,0,0
2022-03-10 08:00,141,91,50,0,0,0
2022-03-10 08:15,149,93,56,0,0,0
2022-03-10 08:30,110,66,44,0,0,0
2022-03-10 08:45,117,88,29,0,0,0
2022-03-10 09:00,93,66,27,0,0,0
2022-03-10 09:15,93,60,33,0,0,0
2022-03-10 09:30,108,68,40,0,0,0
2022-03-10 09:45,128,75,53,0,0,0
2022-03-10 10:00,75,51,24,0,0,0
2022-03-10 10:15,83,49,34,0,0,0
2022-03-10 10:30,94,43,51,0,0,0
2022-03-10 10:45,116,62,54,0,0,0
2022-03-10 11:00,113,56,57,0,0,0
2022-03-10 11:15,106,49,57,0,0,0
2022-03-10 11:30,102,56,46,0,0,0
2022-03-10 11:45,120,61,59,0,0,0
2022-03-10 12:00,135,63,72,0,0,0
2022-03-10 12:15,126,60,66,0,0,0
2022-03-10 12:30,145,55,90,0,0,0
2022-03-10 12:45,155,67,88,0,0,0
2022-03-10 13:00,117,45,72,0,0,0
2022-03-10 13:15,156,68,88,0,0,0
2022-03-10 13:30,135,61,74,0,0,0
2022-03-10 13:45,174,82,92,0,0,0
2022-03-10 14:00,116,51,65,0,0,0
2022-03-10 14:15,115,48,67,0,0,0
2022-03-10 14:30,130,60,70,0,0,0
2022-03-10 14:45,195,105,90,0,0,0
2022-03-10 15:00,156,66,90,0,0,0
2022-03-10 15:15,173,71,102,0,0,0
2022-03-10 15:30,207,97,110,0,0,0
2022-03-10 15:45,187,79,108,0,0,0
2022-03-10 16:00,212,90,122,0,0,0
2022-03-10 16:15,206,98,108,0,0,0
2022-03-10 16:30,190,82,108,0,0,0
2022-03-10 16:45,215,76,139,0,0,0
2022-03-10 17:00,224,85,139,0,0,0
2022-03-10 17:15,209,70,139,0,0,0
2022-03-10 17:30,187,64,123,0,0,0
2022-03-10 17:45,191,67,124,0,0,0
2022-03-10 18:00,196,78,118,0,0,0
2022-03-10 18:15,182,48,134,0,0,0
2022-03-10 18:30,115,40,75,0,0,0
2022-03-10 18:45,164,57,107,0,0,0
2022-03-10 19:00,120,40,80,0,0,0
2022-03-10 19:15,93,33,60,0,0,0
2022-03-10 19:30,100,39,61,0,0,0
2022-03-10 19:45,84,33,51,0,0,0
2022-03-10 20:00,77,30,47,0,0,0
2022-03-10 20:15,61,24,37,0,0,0
2022-03-10 20:30,32,9,23,0,0,0
2022-03-10 20:45,41,18,23,0,0,0
2022-03-10 21:00,35,12,23,0,0,0
2022-03-10 21:15,36,11,25,0,0,0
2022-03-10 21:30,41,6,35,0,0,0
2022-03-10 21:45,42,10,32,0,0,0
2022-03-10 22:00,52,12,40,0,0,0
2022-03-10 22:15,40,15,25,0,0,0
2022-03-10 22:30,40,13,27,0,0,0
2022-03-10 22:45,25,13,12,0,0,0
2022-03-10 23:00,35,6,29,0,0,0
2022-03-10 23:15,23,8,15,0,0,0
2022-03-10 23:30,20,4,16,0,0,0
2022-03-10 23:45,12,2,10,0,0,0
2022-03-11 00:00,12,5,7,0,0,0
2022-03-11 00:15,9,1,8,0,0,0
2022-03-11 00:30,5,2,3,0,0,0
2022-03-11 00:45,1,0,1,0,0,0
2022-03-11 01:00,7,3,4,0,0,0
2022-03-11 01:15,3,1,2,0,0,0
2022-03-11 01:30,3,3,0,0,0,0
2022-03-11 01:45,5,3,2,0,0,0
2022-03-11 02:00,4,3,1,0,0,0
2022-03-11 02:15,0,0,0,0,0,0
2022-03-11 02:30,1,0,1,0,0,0
2022-03-11 02:45,2,1,1,0,0,0
2022-03-11 03:00,3,2,1,0,0,0
2022-03-11 03:15,0,0,0,0,0,0
2022-03-11 03:30,0,0,0,0,0,0
2022-03-11 03:45,2,1,1,0,0,0
2022-03-11 04:00,0,0,0,0,0,0
2022-03-11 04:15,3,1,2,0,0,0
2022-03-11 04:30,1,1,0,0,0,0
2022-03-11 04:45,4,4,0,0,0,0
2022-03-11 05:00,4,4,0,0,0,0
2022-03-11 05:15,10,6,4,0,0,0
2022-03-11 05:30,23,20,3,0,0,0
2022-03-11 05:45,21,15,6,0,0,0
2022-03-11 06:00,20,16,4,0,0,0
2022-03-11 06:15,33,23,10,0,0,0
2022-03-11 06:30,51,34,17,0,0,0
2022-03-11 06:45,64,39,25,0,0,0
2022-03-11 07:00,80,48,32,0,0,0
2022-03-11 07:15,112,68,44,0,0,0
2022-03-11 07:30,161,97,64,0,0,0
2022-03-11 07:45,174,115,59,0,0,0
2022-03-11 08:00,120,73,47,0,0,0
2022-03-11 08:15,139,89,50,0,0,0
2022-03-11 08:30,114,81,33,0,0,0
2022-03-11 08:45,135,88,47,0,0,0
2022-03-11 09:00,103,67,36,0,0,0
2022-03-11 09:15,94,68,26,0,0,0
2022-03-11 09:30,100,64,36,0,0,0
2022-03-11 09:45,126,70,56,0,0,0
2022-03-11 10:00,95,54,41,0,0,0
2022-03-11 10:15,78,43,35,0,0,0
2022-03-11 10:30,96,54,42,0,0,0
2022-03-11 10:45,110,51,59,0,0,0
2022-03-11 11:00,115,60,55,0,0,0
2022-03-11 11:15,128,51,77,0,0,0
2022-03-11 11:30,126,67,59,0,0,0
2022-03-11 11:45,112,56,56,0,0,0
2022-03-11 12:00,111,43,68,0,0,0
2022-03-11 12:15,132,72,60,0,0,0
2022-03-11 12:30,153,60,93,0,0,0
2022-03-11 12:45,126,55,71,0,0,0
2022-03-11 13:00,145,61,84,0,0,0
2022-03-11 13:15,170,65,105,0,0,0
2022-03-11 13:30,148,53,95,0,0,0
2022-03-11 13:45,160,61,99,0,0,0
2022-03-11 14:00,172,80,92,0,0,0
2022-03-11 14:15,161,71,90,0,0,0
2022-03-11 14:30,149,59,90,0,0,0
2022-03-11 14:45,173,87,86,0,0,0
2022-03-11 15:00,178,59,119,0,0,0
2022-03-11 15:15,156,73,83,0,0,0
2022-03-11 15:30,160,67,93,0,0,0
2022-03-11 15:45,149,74,75,0,0,0
2022-03-11 16:00,153,60,93,0,0,0
2022-03-11 16:15,161,66,95,0,0,0
2022-03-11 16:30,158,64,94,0,0,0
2022-03-11 16:45,165,64,101,0,0,0
2022-03-11 17:00,157,67,90,0,0,0
2022-03-11 17:15,173,76,97,0,0,0
2022-03-11 17:30,154,63,91,0,0,0
2022-03-11 17:45,163,63,100,0,0,0
2022-03-11 18:00,144,47,97,0,0,0
2022-03-11 18:15,151,59,92,0,0,0
2022-03-11 18:30,133,44,89,0,0,0
2022-03-11 18:45,140,71,69,0,0,0
2022-03-11 19:00,124,54,70,0,0,0
2022-03-11 19:15,114,43,71,0,0,0
2022-03-11 19:30,82,39,43,0,0,0
2022-03-11 19:45,96,47,49,0,0,0
2022-03-11 20:00,93,42,51,0,0,0
2022-03-11 20:15,52,16,36,0,0,0
2022-03-11 20:30,55,25,30,0,0,0
2022-03-11 20:45,68,23,45,0,0,0
2022-03-11 21:00,49,23,26,0,0,0
2022-03-11 21:15,49,17,32,0,0,0
2022-03-11 21:30,40,8,32,0,0,0
2022-03-11 21:45,43,13,30,0,0,0
2022-03-11 22:00,69,19,50,0,0,0
2022-03-11 22:15,44,13,31,0,0,0
2022-03-11 22:30,41,12,29,0,0,0
2022-03-11 22:45,33,13,20,0,0,0
2022-03-11 23:00,41,18,23,0,0,0
2022-03-11 23:15,37,8,29,0,0,0
2022-03-11 23:30,28,11,17,0,0,0
2022-03-11 23:45,47,13,34,0,0,0
2022-03-12 00:00,34,9,25,0,0,0
2022-03-12 00:15,28,13,15,0,0,0
2022-03-12 00:30,32,15,17,0,0,0
2022-03-12 00:45,17,6,11,0,0,0
2022-03-12 01:00,20,6,14,0,0,0
2022-03-12 01:15,21,5,16,0,0,0
2022-03-12 01:30,7,4,3,0,0,0
2022-03-12 01:45,8,1,7,0,0,0
2022-03-12 02:00,10,3,7,0,0,0
2022-03-12 02:15,7,0,7,0,0,0
2022-03-12 02:30,12,3,9,0,0,0
2022-03-12 02:45,16,9,7,0,0,0
2022-03-12 03:00,9,1,8,0,0,0
2022-03-12 03:15,3,0,3,0,0,0
2022-03-12 03:30,7,1,6,0,0,0
2022-03-12 03:45,5,2,3,0,0,0
2022-03-12 04:00,3,0,3,0,0,0
2022-03-12 04:15,4,2,2,0,0,0
2022-03-12 04:30,2,0,2,0,0,0
2022-03-12 04:45,3,1,2,0,0,0
2022-03-12 05:00,3,2,1,0,0,0
2022-03-12 05:15,9,2,7,0,0,0
2022-03-12 05:30,13,9,4,0,0,0
2022-03-12 05:45,9,5,4,0,0,0
2022-03-12 06:00,7,5,2,0,0,0
2022-03-12 06:15,9,4,5,0,0,0
2022-03-12 06:30,6,2,4,0,0,0
2022-03-12 06:45,5,4,1,0,0,0
2022-03-12 07:00,20,16,4,0,0,0
2022-03-12 07:15,16,10,6,0,0,0
2022-03-12 07:30,25,16,9,0,0,0
2022-03-12 07:45,25,15,10,0,0,0
2022-03-12 08:00,29,20,9,0,0,0
2022-03-12 08:15,40,19,21,0,0,0
2022-03-12 08:30,36,15,21,0,0,0
2022-03-12 08:45,60,44,16,0,0,0
2022-03-12 09:00,62,48,14,0,0,0
2022-03-12 09:15,72,53,19,0,0,0
2022-03-12 09:30,107,75,32,0,0,0
2022-03-12 09:45,106,80,26,0,0,0
2022-03-12 10:00,112,69,43,0,0,0
2022-03-12 10:15,111,65,46,0,0,0
2022-03-12 10:30,123,76,47,0,0,0
2022-03-12 10:45,166,102,64,0,0,0
2022-03-12 11:00,124,79,45,0,0,0
2022-03-12 11:15,153,85,68,0,0,0
2022-03-12 11:30,145,79,66,0,0,0
2022-03-12 11:45,160,89,71,0,0,0
2022-03-12 12:00,137,69,68,0,0,0
2022-03-12 12:15,148,79,69,0,0,0
2022-03-12 12:30,166,70,96,0,0,0
2022-03-12 12:45,146,53,93,0,0,0
2022-03-12 13:00,173,90,83,0,0,0
2022-03-12 13:15,157,69,88,0,0,0
2022-03-12 13:30,168,88,80,0,0,0
2022-03-12 13:45,165,86,79,0,0,0
2022-03-12 14:00,185,77,108,0,0,0
2022-03-12 14:15,186,84,102,0,0,0
2022-03-12 14:30,163,73,90,0,0,0
2022-03-12 14:45,156,63,93,0,0,0
2022-03-12 15:00,141,53,88,0,0,0
2022-03-12 15:15,147,57,90,0,0,0
2022-03-12 15:30,147,71,76,0,0,0
2022-03-12 15:45,131,42,89,0,0,0
2022-03-12 16:00,135,47,88,0,0,0
2022-03-12 16:15,102,39,63,0,0,0
2022-03-12 16:30,110,47,63,0,0,0
2022-03-12 16:45,138,68,70,0,0,0
2022-03-12 17:00,114,55,59,0,0,0
2022-03-12 17:15,94,39,55,0,0,0
2022-03-12 17:30,131,49,82,0,0,0
2022-03-12 17:45,117,41,76,0,0,0
2022-03-12 18:00,115,45,70,0,0,0
2022-03-12 18:15,118,43,75,0,0,0
2022-03-12 18:30,85,32,53,0,0,0
2022-03-12 18:45,93,41,52,0,0,0
2022-03-12 19:00,92,37,55,0,0,0
2022-03-12 19:15,98,38,60,0,0,0
2022-03-12 19:30,91,30,61,0,0,0
2022-03-12 19:45,75,33,42,0,0,0
2022-03-12 20:00,70,22,48,0,0,0
2022-03-12 20:15,62,27,35,0,0,0
2022-03-12 20:30,50,16,34,0,0,0
2022-03-12 20:45,28,17,11,0,0,0
2022-03-12 21:00,37,15,22,0,0,0
2022-03-12 21:15,45,10,35,0,0,0
2022-03-12 21:30,29,5,24,0,0,0
2022-03-12 21:45,35,11,24,0,0,0
2022-03-12 22:00,33,6,27,0,0,0
2022-03-12 22:15,26,4,22,0,0,0
2022-03-12 22:30,27,5,22,0,0,0
2022-03-12 22:45,38,10,28,0,0,0
2022-03-12 23:00,21,5,16,0,0,0
2022-03-12 23:15,34,6,28,0,0,0
2022-03-12 23:30,40,11,29,0,0,0
2022-03-12 23:45,31,6,25,0,0,0
2022-03-13 00:00,29,6,23,0,0,0
2022-03-13 00:15,21,10,11,0,0,0
2022-03-13 00:30,20,4,16,0,0,0
2022-03-13 00:45,19,5,14,0,0,0
2022-03-13 01:00,19,11,8,0,0,0
2022-03-13 01:15,11,3,8,0,0,0
2022-03-13 01:30,14,3,11,0,0,0
2022-03-13 01:45,13,0,13,0,0,0
2022-03-13 02:00,10,3,7,0,0,0
2022-03-13 02:15,18,7,11,0,0,0
2022-03-13 02:30,6,2,4,0,0,0
2022-03-13 02:45,9,2,7,0,0,0
2022-03-13 03:00,3,0,3,0,0,0
2022-03-13 03:15,12,3,9,0,0,0
2022-03-13 03:30,8,2,6,0,0,0
2022-03-13 03:45,1,0,1,0,0,0
2022-03-13 04:00,5,0,5,0,0,0
2022-03-13 04:15,5,0,5,0,0,0
2022-03-13 04:30,1,0,1,0,0,0
2022-03-13 04:45,3,0,3,0,0,0
2022-03-13 05:00,0,0,0,0,0,0
2022-03-13 05:15,7,0,7,0,0,0
2022-03-13 05:30,8,7,1,0,0,0
2022-03-13 05:45,1,1,0,0,0,0
2022-03-13 06:00,0,0,0,0,0,0
2022-03-13 06:15,4,3,1,0,0,0
2022-03-13 06:30,7,3,4,0,0,0
2022-03-13 06:45,5,2,3,0,0,0
2022-03-13 07:00,2,1,1,0,0,0
2022-03-13 07:15,3,2,1,0,0,0
2022-03-13 07:30,7,4,3,0,0,0
2022-03-13 07:45,7,5,2,0,0,0
2022-03-13 08:00,8,2,6,0,0,0
2022-03-13 08:15,8,2,6,0,0,0
2022-03-13 08:30,16,8,8,0,0,0
2022-03-13 08:45,24,16,8,0,0,0
2022-03-13 09:00,20,13,7,0,0,0
2022-03-13 09:15,44,26,18,0,0,0
2022-03-13 09:30,30,17,13,0,0,0
2022-03-13 09:45,54,36,18,0,0,0
2022-03-13 10:00,33,24,9,0,0,0
2022-03-13 10:15,48,24,24,0,0,0
2022-03-13 10:30,59,26,33,0,0,0
2022-03-13 10:45,51,28,23,0,0,0
2022-03-13 11:00,41,16,25,0,0,0
2022-03-13 11:15,58,30,28,0,0,0
2022-03-13 11:30,51,25,26,0,0,0
2022-03-13 11:45,57,27,30,0,0,0
2022-03-13 12:00,78,51,27,0,0,0
2022-03-13 12:15,63,35,28,0,0,0
2022-03-13 12:30,73,29,44,0,0,0
2022-03-13 12:45,80,41,39,0,0,0
2022-03-13 13:00,78,37,41,0,0,0
2022-03-13 13:15,87,46,41,0,0,0
2022-03-13 13:30,66,37,29,0,0,0
2022-03-13 13:45,124,48,76,0,0,0
2022-03-13 14:00,106,55,51,0,0,0
2022-03-13 14:15,92,51,41,0,0,0
2022-03-13 14:30,96,41,55,0,0,0
2022-03-13 14:45,104,56,48,0,0,0
2022-03-13 15:00,98,48,50,0,0,0
2022-03-13 15:15,74,38,36,0,0,0
2022-03-13 15:30,104,41,63,0,0,0
2022-03-13 15:45,110,49,61,0,0,0
2022-03-13 16:00,90,38,52,0,0,0
2022-03-13 16:15,119,56,63,0,0,0
2022-03-13 16:30,104,49,55,0,0,0
2022-03-13 16:45,97,26,71,0,0,0
2022-03-13 17:00,85,35,50,0,0,0
2022-03-13 17:15,80,31,49,0,0,0
2022-03-13 17:30,97,30,67,0,0,0
2022-03-13 17:45,104,53,51,0,0,0
2022-03-13 18:00,89,32,57,0,0,0
2022-03-13 18:15,71,34,37,0,0,0
2022-03-13 18:30,78,27,51,0,0,0
2022-03-13 18:45,68,20,48,0,0,0
2022-03-13 19:00,68,22,46,0,0,0
2022-03-13 19:15,43,16,27,0,0,0
2022-03-13 19:30,46,21,25,0,0,0
2022-03-13 19:45,42,22,20,0,0,0
2022-03-13 20:00,61,10,51,0,0,0
2022-03-13 20:15,52,12,40,0,0,0
2022-03-13 20:30,32,9,23,0,0,0
2022-03-13 20:45,27,8,19,0,0,0
2022-03-13 21:00,20,5,15,0,0,0
2022-03-13 21:15,27,7,20,0,0,0
2022-03-13 21:30,13,5,8,0,0,0
2022-03-13 21:45,14,5,9,0,0,0
2022-03-13 22:00,21,5,16,0,0,0
2022-03-13 22:15,7,2,5,0,0,0
2022-03-13 22:30,14,2,12,0,0,0
2022-03-13 22:45,10,4,6,0,0,0
2022-03-13 23:00,15,6,9,0,0,0
2022-03-13 23:15,11,3,8,0,0,0
2022-03-13 23:30,4,1,3,0,0,0
2022-03-13 23:45,5,2,3,0,0,0
2022-03-14 00:00,1,1,0,0,0,0
2022-03-14 00:15,1,0,1,0,0,0
2022-03-14 00:30,5,1,4,0,0,0
2022-03-14 00:45,3,0,3,0,0,0
2022-03-14 01:00,1,1,0,0,0,0
2022-03-14 01:15,2,1,1,0,0,0
2022-03-14 01:30,2,1,1,0,0,0
2022-03-14 01:45,4,2,2,0,0,0
2022-03-14 02:00,1,1,0,0,0,0
2022-03-14 02:15,2,2,0,0,0,0
2022-03-14 02:30,1,1,0,0,0,0
2022-03-14 02:45,0,0,0,0,0,0
2022-03-14 03:00,5,2,3,0,0,0
2022-03-14 03:15,0,0,0,0,0,0
2022-03-14 03:30,1,0,1,0,0,0
2022-03-14 03:45,0,0,0,0,0,0
2022-03-14 04:00,2,2,0,0,0,0
2022-03-14 04:15,2,1,1,0,0,0
2022-03-14 04:30,3,2,1,0,0,0
2022-03-14 04:45,2,2,0,0,0,0
2022-03-14 05:00,3,3,0,0,0,0
2022-03-14 05:15,4,4,0,0,0,0
2022-03-14 05:30,15,15,0,0,0,0
2022-03-14 05:45,20,13,7,0,0,0
2022-03-14 06:00,15,9,6,0,0,0
2022-03-14 06:15,23,17,6,0,0,0
2022-03-14 06:30,31,18,13,0,0,0
2022-03-14 06:45,41,25,16,0,0,0
2022-03-14 07:00,58,34,24,0,0,0
2022-03-14 07:15,76,55,21,0,0,0
2022-03-14 07:30,126,83,43,0,0,0
2022-03-14 07:45,138,87,51,0,0,0
2022-03-14 08:00,89,64,25,0,0,0
2022-03-14 08:15,101,58,43,0,0,0
2022-03-14 08:30,79,50,29,0,0,0
2022-03-14 08:45,94,65,29,0,0,0
2022-03-14 09:00,66,42,24,0,0,0
2022-03-14 09:15,52,37,15,0,0,0
2022-03-14 09:30,57,39,18,0,0,0
2022-03-14 09:45,83,63,20,0,0,0
2022-03-14 10:00,63,32,31,0,0,0
2022-03-14 10:15,47,28,19,0,0,0
2022-03-14 10:30,68,41,27,0,0,0
2022-03-14 10:45,80,50,30,0,0,0
2022-03-14 11:00,67,34,33,0,0,0
2022-03-14 11:15,70,36,34,0,0,0
2022-03-14 11:30,89,37,52,0,0,0
2022-03-14 11:45,96,52,44,0,0,0
2022-03-14 12:00,95,40,55,0,0,0
2022-03-14 12:15,81,38,43,0,0,0
2022-03-14 12:30,101,40,61,0,0,0
2022-03-14 12:45,119,42,77,0,0,0
2022-03-14 13:00,109,43,66,0,0,0
2022-03-14 13:15,116,54,62,0,0,0
2022-03-14 13:30,86,42,44,0,0,0
2022-03-14 13:45,116,48,68,0,0,0
2022-03-14 14:00,89,42,47,0,0,0
2022-03-14 14:15,100,45,55,0,0,0
2022-03-14 14:30,100,50,50,0,0,0
2022-03-14 14:45,140,61,79,0,0,0
2022-03-14 15:00,132,53,79,0,0,0
2022-03-14 15:15,142,69,73,0,0,0
2022-03-14 15:30,141,59,82,0,0,0
2022-03-14 15:45,163,62,101,0,0,0
2022-03-14 16:00,153,65,88,0,0,0
2022-03-14 16:15,140,52,88,0,0,0
2022-03-14 16:30,147,50,97,0,0,0
2022-03-14 16:45,127,60,67,0,0,0
2022-03-14 17:00,150,52,98,0,0,0
2022-03-14 17:15,157,58,99,0,0,0
2022-03-14 17:30,141,62,79,0,0,0
2022-03-14 17:45,164,71,93,0,0,0
2022-03-14 18:00,156,61,95,0,0,0
2022-03-14 18:15,145,50,95,0,0,0
2022-03-14 18:30,129,42,87,0,0,0
2022-03-14 18:45,126,50,76,0,0,0
2022-03-14 19:00,84,28,56,0,0,0
2022-03-14 19:15,114,42,72,0,0,0
2022-03-14 19:30,72,27,45,0,0,0
2022-03-14 19:45,65,27,38,0,0,0
2022-03-14 20:00,61,21,40,0,0,0
2022-03-14 20:15,56,20,36,0,0,0
2022-03-14 20:30,52,12,40,0,0,0
2022-03-14 20:45,50,9,41,0,0,0
2022-03-14 21:00,53,12,41,0,0,0
2022-03-14 21:15,41,11,30,0,0,0
2022-03-14 21:30,30,11,19,0,0,0
2022-03-14 21:45,46,10,36,0,0,0
2022-03-14 22:00,30,5,25,0,0,0
2022-03-14 22:15,32,8,24,0,0,0
2022-03-14 22:30,19,7,12,0,0,0
2022-03-14 22:45,18,3,15,0,0,0
2022-03-14 23:00,14,3,11,0,0,0
2022-03-14 23:15,21,5,16,0,0,0
2022-03-14 23:30,6,2,4,0,0,0
2022-03-14 23:45,8,4,4,0,0,0
2022-03-15 00:00,4,0,4,0,0,0
2022-03-15 00:15,5,0,5,0,0,0
2022-03-15 00:30,4,2,2,0,0,0
2022-03-15 00:45,3,0,3,0,0,0
2022-03-15 01:00,6,3,3,0,0,0
2022-03-15 01:15,3,2,1,0,0,0
2022-03-15 01:30,2,0,2,0,0,0
2022-03-15 01:45,0,0,0,0,0,0
2022-03-15 02:00,2,2,0,0,0,0
2022-03-15 02:15,0,0,0,0,0,0
2022-03-15 02:30,0,0,0,0,0,0
2022-03-15 02:45,1,0,1,0,0,0
2022-03-15 03:00,2,2,0,0,0,0
2022-03-15 03:15,0,0,0,0,0,0
2022-03-15 03:30,1,0,1,0,0,0
2022-03-15 03:45,0,0,0,0,0,0
2022-03-15 04:00,2,1,1,0,0,0
2022-03-15 04:15,2,2,0,0,0,0
2022-03-15 04:30,1,1,0,0,0,0
2022-03-15 04:45,4,4,0,0,0,0
2022-03-15 05:00,2,1,1,0,0,0
2022-03-15 05:15,8,7,1,0,0,0
2022-03-15 05:30,22,18,4,0,0,0
2022-03-15 05:45,20,11,9,0,0,0
2022-03-15 06:00,25,12,13,0,0,0
2022-03-15 06:15,35,25,10,0,0,0
2022-03-15 06:30,47,30,17,0,0,0
2022-03-15 06:45,73,48,25,0,0,0
2022-03-15 07:00,86,56,30,0,0,0
2022-03-15 07:15,128,82,46,0,0,0
2022-03-15 07:30,208,120,88,0,0,0
2022-03-15 07:45,198,119,79,0,0,0
2022-03-15 08:00,157,104,53,0,0,0
2022-03-15 08:15,130,88,42,0,0,0
2022-03-15 08:30,137,95,42,0,0,0
2022-03-15 08:45,129,86,43,0,0,0
2022-03-15 09:00,97,67,30,0,0,0
2022-03-15 09:15,83,59,24,0,0,0
2022-03-15 09:30,88,65,23,0,0,0
2022-03-15 09:45,127,86,41,0,0,0
2022-03-15 10:00,82,49,33,0,0,0
2022-03-15 10:15,98,55,43,0,0,0
2022-03-15 10:30,94,54,40,0,0,0
2022-03-15 10:45,116,56,60,0,0,0
2022-03-15 11:00,112,60,52,0,0,0
2022-03-15 11:15,110,56,54,0,0,0
2022-03-15 11:30,104,54,50,0,0,0
2022-03-15 11:45,141,65,76,0,0,0
2022-03-15 12:00,100,39,61,0,0,0
2022-03-15 12:15,118,46,72,0,0,0
2022-03-15 12:30,152,62,90,0,0,0
2022-03-15 12:45,135,43,92,0,0,0
2022-03-15 13:00,129,57,72,0,0,0
2022-03-15 13:15,128,40,88,0,0,0
2022-03-15 13:30,150,59,91,0,0,0
2022-03-15 13:45,155,63,92,0,0,0
2022-03-15 14:00,164,45,119,0,0,0
2022-03-15 14:15,127,45,82,0,0,0
2022-03-15 14:30,158,65,93,0,0,0
2022-03-15 14:45,155,62,93,0,0,0
2022-03-15 15:00,131,58,73,0,0,0
2022-03-15 15:15,147,62,85,0,0,0
2022-03-15 15:30,168,56,112,0,0,0
2022-03-15 15:45,201,90,111,0,0,0
2022-03-15 16:00,164,62,102,0,0,0
2022-03-15 16:15,189,96,93,0,0,0
2022-03-15 16:30,188,80,108,0,0,0
2022-03-15 16:45,225,96,129,0,0,0
2022-03-15 17:00,196,78,118,0,0,0
2022-03-15 17:15,173,59,114,0,0,0
2022-03-15 17:30,143,51,92,0,0,0
2022-03-15 17:45,188,64,124,0,0,0
2022-03-15 18:00,193,68,125,0,0,0
2022-03-15 18:15,174,59,115,0,0,0
2022-03-15 18:30,126,56,70,0,0,0
2022-03-15 18:45,134,48,86,0,0,0
2022-03-15 19:00,129,43,86,0,0,0
2022-03-15 19:15,77,27,50,0,0,0
2022-03-15 19:30,76,25,51,0,0,0
2022-03-15 19:45,78,31,47,0,0,0
2022-03-15 20:00,81,24,57,0,0,0
2022-03-15 20:15,58,24,34,0,0,0
2022-03-15 20:30,37,18,19,0,0,0
2022-03-15 20:45,41,10,31,0,0,0
2022-03-15 21:00,38,15,23,0,0,0
2022-03-15 21:15,49,17,32,0,0,0
2022-03-15 21:30,44,11,33,0,0,0
2022-03-15 21:45,37,7,30,0,0,0
2022-03-15 22:00,51,16,35,0,0,0
2022-03-15 22:15,36,12,24,0,0,0
2022-03-15 22:30,16,7,9,0,0,0
2022-03-15 22:45,23,9,14,0,0,0
2022-03-15 23:00,26,7,19,0,0,0
2022-03-15 23:15,24,8,16,0,0,0
2022-03-15 23:30,5,2,3,0,0,0
2022-03-15 23:45,13,4,9,0,0,0
2022-03-16 00:00,7,3,4,0,0,0
2022-03-16 00:15,3,0,3,0,0,0
2022-03-16 00:30,7,3,4,0,0,0
2022-03-16 00:45,3,2,1,0,0,0
2022-03-16 01:00,4,1,3,0,0,0
2022-03-16 01:15,3,2,1,0,0,0
2022-03-16 01:30,1,1,0,0,0,0
2022-03-16 01:45,2,2,0,0,0,0
2022-03-16 02:00,1,1,0,0,0,0
2022-03-16 02:15,2,0,2,0,0,0
2022-03-16 02:30,2,1,1,0,0,0
2022-03-16 02:45,2,1,1,0,0,0
2022-03-16 03:00,0,0,0,0,0,0
2022-03-16 03:15,0,0,0,0,0,0
2022-03-16 03:30,1,0,1,0,0,0
2022-03-16 03:45,0,0,0,0,0,0
2022-03-16 04:00,2,2,0,0,0,0
2022-03-16 04:15,3,1,2,0,0,0
2022-03-16 04:30,3,3,0,0,0,0
2022-03-16 04:45,4,4,0,0,0,0
2022-03-16 05:00,9,5,4,0,0,0
2022-03-16 05:15,12,8,4,0,0,0
2022-03-16 05:30,23,15,8,0,0,0
2022-03-16 05:45,22,17,5,0,0,0
2022-03-16 06:00,30,22,8,0,0,0
2022-03-16 06:15,37,26,11,0,0,0
2022-03-16 06:30,47,29,18,0,0,0
2022-03-16 06:45,65,40,25,0,0,0
2022-03-16 07:00,109,58,51,0,0,0
2022-03-16 07:15,101,64,37,0,0,0
2022-03-16 07:30,174,110,64,0,0,0
2022-03-16 07:45,187,116,71,0,0,0
2022-03-16 08:00,149,94,55,0,0,0
2022-03-16 08:15,146,85,61,0,0,0
2022-03-16 08:30,126,85,41,0,0,0
2022-03-16 08:45,134,87,47,0,0,0
2022-03-16 09:00,97,68,29,0,0,0
2022-03-16 09:15,101,66,35,0,0,0
2022-03-16 09:30,107,61,46,0,0,0
2022-03-16 09:45,110,71,39,0,0,0
2022-03-16 10:00,101,59,42,0,0,0
2022-03-16 10:15,98,61,37,0,0,0
2022-03-16 10:30,109,58,51,0,0,0
2022-03-16 10:45,122,77,45,0,0,0
2022-03-16 11:00,109,53,56,0,0,0
2022-03-16 11:15,119,74,45,0,0,0
2022-03-16 11:30,128,63,65,0,0,0
2022-03-16 11:45,126,53,73,0,0,0
2022-03-16 12:00,155,71,84,0,0,0
2022-03-16 12:15,141,68,73,0,0,0
2022-03-16 12:30,173,78,95,0,0,0
2022-03-16 12:45,148,80,68,0,0,0
2022-03-16 13:00,167,67,100,0,0,0
2022-03-16 13:15,168,60,108,0,0,0
2022-03-16 13:30,155,67,88,0,0,0
2022-03-16 13:45,157,72,85,0,0,0
2022-03-16 14:00,124,54,70,0,0,0
2022-03-16 14:15,166,57,109,0,0,0
2022-03-16 14:30,142,69,73,0,0,0
2022-03-16 14:45,164,63,101,0,0,0
2022-03-16 15:00,134,53,81,0,0,0
2022-03-16 15:15,150,73,77,0,0,0
2022-03-16 15:30,148,52,96,0,0,0
2022-03-16 15:45,171,58,113,0,0,0
2022-03-16 16:00,169,69,100,0,0,0
2022-03-16 16:15,172,72,100,0,0,0
2022-03-16 16:30,155,55,100,0,0,0
2022-03-16 16:45,174,65,109,0,0,0
2022-03-16 17:00,180,87,93,0,0,0
2022-03-16 17:15,195,65,130,0,0,0
2022-03-16 17:30,172,64,108,0,0,0
2022-03-16 17:45,191,68,123,0,0,0
2022-03-16 18:00,158,41,117,0,0,0
2022-03-16 18:15,158,65,93,0,0,0
2022-03-16 18:30,143,50,93,0,0,0
2022-03-16 18:45,128,55,73,0,0,0
2022-03-16 19:00,101,29,72,0,0,0
2022-03-16 19:15,110,38,72,0,0,0
2022-03-16 19:30,65,23,42,0,0,0
2022-03-16 19:45,89,32,57,0,0,0
2022-03-16 20:00,69,19,50,0,0,0
2022-03-16 20:15,63,21,42,0,0,0
2022-03-16 20:30,57,25,32,0,0,0
2022-03-16 20:45,59,21,38,0,0,0
2022-03-16 21:00,51,27,24,0,0,0
2022-03-16 21:15,47,14,33,0,0,0
2022-03-16 21:30,28,6,22,0,0,0
2022-03-16 21:45,37,11,26,0,0,0
2022-03-16 22:00,37,9,28,0,0,0
2022-03-16 22:15,48,16,32,0,0,0
2022-03-16 22:30,33,11,22,0,0,0
2022-03-16 22:45,34,15,19,0,0,0
2022-03-16 23:00,30,6,24,0,0,0
2022-03-16 23:15,22,5,17,0,0,0
2022-03-16 23:30,21,5,16,0,0,0
2022-03-16 23:45,17,7,10,0,0,0
2022-03-17 00:00,15,4,11,0,0,0
2022-03-17 00:15,10,4,6,0,0,0
2022-03-17 00:30,0,0,0,0,0,0
2022-03-17 00:45,6,0,6,0,0,0
2022-03-17 01:00,4,1,3,0,0,0
2022-03-17 01:15,4,2,2,0,0,0
2022-03-17 01:30,3,1,2,0,0,0
2022-03-17 01:45,3,2,1,0,0,0
2022-03-17 02:00,3,0,3,0,0,0
2022-03-17 02:15,6,1,5,0,0,0
2022-03-17 02:30,4,1,3,0,0,0
2022-03-17 02:45,1,0,1,0,0,0
2022-03-17 03:00,4,1,3,0,0,0
2022-03-17 03:15,1,0,1,0,0,0
2022-03-17 03:30,1,0,1,0,0,0
2022-03-17 03:45,1,1,0,0,0,0
2022-03-17 04:00,2,1,1,0,0,0
2022-03-17 04:15,2,1,1,0,0,0
2022-03-17 04:30,3,3,0,0,0,0
2022-03-17 04:45,3,2,1,0,0,0
2022-03-17 05:00,2,1,1,0,0,0
2022-03-17 05:15,12,7,5,0,0,0
2022-03-17 05:30,20,17,3,0,0,0
2022-03-17 05:45,22,18,4,0,0,0
2022-03-17 06:00,18,12,6,0,0,0
2022-03-17 06:15,33,28,5,0,0,0
2022-03-17 06:30,47,32,15,0,0,0
2022-03-17 06:45,56,38,18,0,0,0
2022-03-17 07:00,74,45,29,0,0,0
2022-03-17 07:15,98,60,38,0,0,0
2022-03-17 07:30,147,94,53,0,0,0
2022-03-17 07:45,172,105,67,0,0,0
2022-03-17 08:00,115,78,37,0,0,0
2022-03-17 08:15,113,70,43,0,0,0
2022-03-17 08:30,75,48,27,0,0,0
2022-03-17 08:45,120,73,47,0,0,0
2022-03-17 09:00,69,49,20,0,0,0
2022-03-17 09:15,76,46,30,0,0,0
2022-03-17 09:30,71,42,29,0,0,0
2022-03-17 09:45,99,55,44,0,0,0
2022-03-17 10:00,72,41,31,0,0,0
2022-03-17 10:15,60,37,23,0,0,0
2022-03-17 10:30,70,35,35,0,0,0
2022-03-17 10:45,98,56,42,0,0,0
2022-03-17 11:00,82,48,34,0,0,0
2022-03-17 11:15,88,44,44,0,0,0
2022-03-17 11:30,71,36,35,0,0,0
2022-03-17 11:45,103,50,53,0,0,0
2022-03-17 12:00,96,41,55,0,0,0
2022-03-17 12:15,105,39,66,0,0,0
2022-03-17 12:30,115,42,73,0,0,0
2022-03-17 12:45,110,54,56,0,0,0
2022-03-17 13:00,113,43,70,0,0,0
2022-03-17 13:15,89,40,49,0,0,0
2022-03-17 13:30,103,49,54,0,0,0
2022-03-17 13:45,125,54,71,0,0,0
2022-03-17 14:00,112,49,63,0,0,0
2022-03-17 14:15,103,43,60,0,0,0
2022-03-17 14:30,122,53,69,0,0,0
2022-03-17 14:45,154,76,78,0,0,0
2022-03-17 15:00,127,50,77,0,0,0
2022-03-17 15:15,164,79,85,0,0,0
2022-03-17 15:30,147,62,85,0,0,0
2022-03-17 15:45,188,99,89,0,0,0
2022-03-17 16:00,172,65,107,0,0,0
2022-03-17 16:15,164,57,107,0,0,0
2022-03-17 16:30,158,66,92,0,0,0
2022-03-17 16:45,176,70,106,0,0,0
2022-03-17 17:00,168,55,113,0,0,0
2022-03-17 17:15,186,62,124,0,0,0
2022-03-17 17:30,153,49,104,0,0,0
2022-03-17 17:45,126,44,82,0,0,0
2022-03-17 18:00,180,64,116,0,0,0
2022-03-17 18:15,133,43,90,0,0,0
2022-03-17 18:30,139,53,86,0,0,0
2022-03-17 18:45,129,54,75,0,0,0
2022-03-17 19:00,94,27,67,0,0,0
2022-03-17 19:15,89,35,54,0,0,0
2022-03-17 19:30,83,27,56,0,0,0
2022-03-17 19:45,84,44,40,0,0,0
2022-03-17 20:00,77,33,44,0,0,0
2022-03-17 20:15,51,12,39,0,0,0
2022-03-17 20:30,53,16,37,0,0,0
2022-03-17 20:45,43,11,32,0,0,0
2022-03-17 21:00,36,11,25,0,0,0
2022-03-17 21:15,47,12,35,0,0,0
2022-03-17 21:30,38,11,27,0,0,0
2022-03-17 21:45,31,7,24,0,0,0
2022-03-17 22:00,32,7,25,0,0,0
2022-03-17 22:15,43,22,21,0,0,0
2022-03-17 22:30,24,9,15,0,0,0
2022-03-17 22:45,24,10,14,0,0,0
2022-03-17 23:00,30,6,24,0,0,0
2022-03-17 23:15,21,10,11,0,0,0
2022-03-17 23:30,24,5,19,0,0,0
2022-03-17 23:45,20,4,16,0,0,0
2022-03-18 00:00,13,2,11,0,0,0
2022-03-18 00:15,12,1,11,0,0,0
2022-03-18 00:30,13,0,13,0,0,0
2022-03-18 00:45,2,1,1,0,0,0
2022-03-18 01:00,4,0,4,0,0,0
2022-03-18 01:15,6,3,3,0,0,0
2022-03-18 01:30,3,1,2,0,0,0
2022-03-18 01:45,2,2,0,0,0,0
2022-03-18 02:00,6,2,4,0,0,0
2022-03-18 02:15,1,0,1,0,0,0
2022-03-18 02:30,3,0,3,0,0,0
2022-03-18 02:45,3,3,0,0,0,0
2022-03-18 03:00,0,0,0,0,0,0
2022-03-18 03:15,1,0,1,0,0,0
2022-03-18 03:30,4,2,2,0,0,0
2022-03-18 03:45,0,0,0,0,0,0
2022-03-18 04:00,0,0,0,0,0,0
2022-03-18 04:15,4,3,1,0,0,0
2022-03-18 04:30,1,1,0,0,0,0
2022-03-18 04:45,6,5,1,0,0,0
2022-03-18 05:00,6,4,2,0,0,0
2022-03-18 05:15,5,4,1,0,0,0
2022-03-18 05:30,12,10,2,0,0,0
2022-03-18 05:45,16,14,2,0,0,0
2022-03-18 06:00,18,12,6,0,0,0
2022-03-18 06:15,30,23,7,0,0,0
2022-03-18 06:30,42,27,15,0,0,0
2022-03-18 06:45,62,33,29,0,0,0
2022-03-18 07:00,75,42,33,0,0,0
2022-03-18 07:15,99,56,43,0,0,0
2022-03-18 07:30,172,110,62,0,0,0
2022-03-18 07:45,161,102,59,0,0,0
2022-03-18 08:00,105,60,45,0,0,0
2022-03-18 08:15,102,66,36,0,0,0
2022-03-18 08:30,106,68,38,0,0,0
2022-03-18 08:45,131,81,50,0,0,0
2022-03-18 09:00,89,61,28,0,0,0
2022-03-18 09:15,97,60,37,0,0,0
2022-03-18 09:30,108,61,47,0,0,0
2022-03-18 09:45,104,57,47,0,0,0
2022-03-18 10:00,108,63,45,0,0,0
2022-03-18 10:15,86,49,37,0,0,0
2022-03-18 10:30,95,50,45,0,0,0
2022-03-18 10:45,132,76,56,0,0,0
2022-03-18 11:00,91,43,48,0,0,0
2022-03-18 11:15,117,54,63,0,0,0
2022-03-18 11:30,101,48,53,0,0,0
2022-03-18 11:45,129,56,73,0,0,0
2022-03-18 12:00,134,54,80,0,0,0
2022-03-18 12:15,155,64,91,0,0,0
2022-03-18 12:30,127,57,70,0,0,0
2022-03-18 12:45,175,75,100,0,0,0
2022-03-18 13:00,159,69,90,0,0,0
2022-03-18 13:15,175,76,99,0,0,0
2022-03-18 13:30,163,60,103,0,0,0
2022-03-18 13:45,195,91,104,0,0,0
2022-03-18 14:00,212,79,133,0,0,0
2022-03-18 14:15,160,74,86,0,0,0
2022-03-18 14:30,173,70,103,0,0,0
2022-03-18 14:45,174,82,92,0,0,0
2022-03-18 15:00,151,55,96,0,0,0
2022-03-18 15:15,192,87,105,0,0,0
2022-03-18 15:30,142,57,85,0,0,0
2022-03-18 15:45,158,60,98,0,0,0
2022-03-18 16:00,173,90,83,0,0,0
2022-03-18 16:15,166,74,92,0,0,0
2022-03-18 16:30,150,59,91,0,0,0
2022-03-18 16:45,153,68,85,0,0,0
2022-03-18 17:00,170,68,102,0,0,0
2022-03-18 17:15,160,67,93,0,0,0
2022-03-18 17:30,166,66,100,0,0,0
2022-03-18 17:45,145,55,90,0,0,0
2022-03-18 18:00,122,44,78,0,0,0
2022-03-18 18:15,143,58,85,0,0,0
2022-03-18 18:30,142,46,96,0,0,0
2022-03-18 18:45,117,54,63,0,0,0
2022-03-18 19:00,107,48,59,0,0,0
2022-03-18 19:15,104,39,65,0,0,0
2022-03-18 19:30,77,33,44,0,0,0
2022-03-18 19:45,90,32,58,0,0,0
2022-03-18 20:00,75,29,46,0,0,0
2022-03-18 20:15,72,30,42,0,0,0
2022-03-18 20:30,35,12,23,0,0,0
2022-03-18 20:45,45,21,24,0,0,0
2022-03-18 21:00,47,20,27,0,0,0
2022-03-18 21:15,46,20,26,0,0,0
2022-03-18 21:30,48,12,36,0,0,0
2022-03-18 21:45,36,13,23,0,0,0
2022-03-18 22:00,38,19,19,0,0,0
2022-03-18 22:15,33,11,22,0,0,0
2022-03-18 22:30,38,16,22,0,0,0
2022-03-18 22:45,48,10,38,0,0,0
2022-03-18 23:00,38,13,25,0,0,0
2022-03-18 23:15,22,12,10,0,0,0
2022-03-18 23:30,36,8,28,0,0,0
2022-03-18 23:45,52,20,32,0,0,0
